0 0.222916666015625 0.587037037109375 0.2265625 0.6 0.240104166015625 0.60092592578125 0.2578125 0.616666666015625 0.269270833984375 0.616666666015625 0.275 0.6305555546875 0.286979166015625 0.637037037109375 0.293229166015625 0.634259259765625 0.294270833984375 0.6305555546875 0.3 0.62592592578125 0.307291666015625 0.610185185546875 0.306770833984375 0.59907407421875 0.301041666015625 0.596296296875 0.29375 0.582407408203125 0.2890625 0.582407408203125 0.286458333984375 0.589814814453125 0.281770833984375 0.591666666015625 0.272395833984375 0.57407407421875 0.2625 0.571296296875 0.25 0.559259259765625 0.248958333984375 0.5555555546875 0.2328125 0.5481481484375 0.225 0.562037037109375 0.221354166015625 0.563888888671875 0.223958333984375 0.5731481484375 0.222916666015625 0.587037037109375
0 0.597916666015625 0.6481481484375 0.604166666015625 0.646296296875 0.608333333984375 0.639814814453125 0.6421875 0.638888888671875 0.65 0.632407408203125 0.658333333984375 0.641666666015625 0.6671875 0.6444444453125 0.670833333984375 0.638888888671875 0.6796875 0.637037037109375 0.679166666015625 0.621296296875 0.675520833984375 0.612962962890625 0.6734375 0.60092592578125 0.668229166015625 0.596296296875 0.6625 0.5981481484375 0.657291666015625 0.591666666015625 0.652083333984375 0.591666666015625 0.647395833984375 0.60462962890625 0.64375 0.60462962890625 0.638541666015625 0.596296296875 0.625520833984375 0.596296296875 0.606770833984375 0.6055555546875 0.6 0.6055555546875 0.591666666015625 0.5944444453125 0.588020833984375 0.5944444453125 0.584895833984375 0.5981481484375 0.583854166015625 0.60277777734375 0.5859375 0.6231481484375 0.594270833984375 0.646296296875 0.597916666015625 0.6481481484375
0 0.3203125 0.55462962890625 0.335416666015625 0.55462962890625 0.348958333984375 0.563888888671875 0.366145833984375 0.562037037109375 0.368229166015625 0.564814814453125 0.36875 0.57037037109375 0.372916666015625 0.57592592578125 0.384375 0.5805555546875 0.3890625 0.5805555546875 0.39375 0.57592592578125 0.4015625 0.557407408203125 0.4 0.5444444453125 0.39375 0.541666666015625 0.386979166015625 0.532407408203125 0.375520833984375 0.537037037109375 0.369791666015625 0.5305555546875 0.355729166015625 0.52592592578125 0.348958333984375 0.5194444453125 0.332291666015625 0.512037037109375 0.329166666015625 0.5055555546875 0.323958333984375 0.5055555546875 0.318229166015625 0.516666666015625 0.313020833984375 0.5194444453125 0.313541666015625 0.52777777734375 0.317708333984375 0.534259259765625 0.3171875 0.54722222265625 0.3203125 0.55462962890625
0 0.0484375 0.196296296875 0.055729166015625 0.196296296875 0.066666666015625 0.188888888671875 0.068229166015625 0.1805555546875 0.061458333984375 0.168518517578125 0.060416666015625 0.160185185546875 0.055729166015625 0.157407408203125 0.053645833984375 0.15092592578125 0.047395833984375 0.15277777734375 0.039583333984375 0.166666666015625 0.039583333984375 0.1731481484375 0.044270833984375 0.191666666015625 0.0484375 0.196296296875
0 0.085416666015625 0.435185185546875 0.094791666015625 0.471296296875 0.1015625 0.4731481484375 0.122395833984375 0.459259259765625 0.1234375 0.45092592578125 0.1203125 0.4444444453125 0.11875 0.435185185546875 0.113020833984375 0.4305555546875 0.109895833984375 0.42222222265625 0.105729166015625 0.417592591796875 0.102083333984375 0.3981481484375 0.095833333984375 0.396296296875 0.094791666015625 0.391666666015625 0.091666666015625 0.388888888671875 0.0796875 0.3981481484375 0.079166666015625 0.407407408203125 0.076041666015625 0.412962962890625 0.0765625 0.42592592578125 0.085416666015625 0.435185185546875
0 0.011458333984375 0.228703703125 0.025 0.22777777734375 0.030729166015625 0.2194444453125 0.032291666015625 0.210185185546875 0.03125 0.1981481484375 0.025 0.187037037109375 0.016666666015625 0.187037037109375 0.011979166015625 0.182407408203125 0.0109375 0.187962962890625 0.00625 0.193518517578125 0.00625 0.2055555546875 0.011458333984375 0.228703703125
0 0.115625 0.334259259765625 0.130208333984375 0.32592592578125 0.13125 0.3231481484375 0.130208333984375 0.3055555546875 0.1203125 0.2944444453125 0.1171875 0.2768518515625 0.111979166015625 0.27592592578125 0.1109375 0.271296296875 0.102604166015625 0.271296296875 0.094270833984375 0.285185185546875 0.094270833984375 0.303703703125 0.1015625 0.307407408203125 0.108333333984375 0.334259259765625 0.115625 0.334259259765625
0 0.036458333984375 0.235185185546875 0.05 0.232407408203125 0.055729166015625 0.22777777734375 0.055208333984375 0.212037037109375 0.0421875 0.187037037109375 0.0375 0.187037037109375 0.031770833984375 0.196296296875 0.03125 0.210185185546875 0.0328125 0.213888888671875 0.033333333984375 0.22592592578125 0.036458333984375 0.235185185546875
0 0.214583333984375 0.521296296875 0.2171875 0.5305555546875 0.228645833984375 0.532407408203125 0.24375 0.55 0.2546875 0.5555555546875 0.257291666015625 0.562962962890625 0.263020833984375 0.568518517578125 0.272395833984375 0.571296296875 0.284895833984375 0.560185185546875 0.291145833984375 0.55 0.291145833984375 0.5444444453125 0.2828125 0.531481482421875 0.280729166015625 0.52407407421875 0.275520833984375 0.521296296875 0.272395833984375 0.52777777734375 0.26875 0.52777777734375 0.260416666015625 0.512037037109375 0.251041666015625 0.510185185546875 0.245833333984375 0.5055555546875 0.2421875 0.493518517578125 0.234895833984375 0.491666666015625 0.23125 0.485185185546875 0.2265625 0.485185185546875 0.221354166015625 0.493518517578125 0.216666666015625 0.496296296875 0.214583333984375 0.5 0.216666666015625 0.507407408203125 0.214583333984375 0.513888888671875 0.214583333984375 0.521296296875
0 0.15 0.463888888671875 0.157291666015625 0.4805555546875 0.161979166015625 0.484259259765625 0.1640625 0.496296296875 0.168229166015625 0.50277777734375 0.171875 0.50462962890625 0.180208333984375 0.50092592578125 0.1921875 0.491666666015625 0.196354166015625 0.484259259765625 0.189583333984375 0.462037037109375 0.1828125 0.459259259765625 0.178645833984375 0.4481481484375 0.170833333984375 0.446296296875 0.16875 0.442592591796875 0.166145833984375 0.42777777734375 0.160416666015625 0.42777777734375 0.155208333984375 0.418518517578125 0.144791666015625 0.4231481484375 0.141666666015625 0.42777777734375 0.141145833984375 0.437037037109375 0.138541666015625 0.4444444453125 0.139583333984375 0.459259259765625 0.15 0.463888888671875
0 0.193229166015625 0.42777777734375 0.194270833984375 0.432407408203125 0.205729166015625 0.4481481484375 0.213541666015625 0.463888888671875 0.223958333984375 0.463888888671875 0.235416666015625 0.4555555546875 0.241145833984375 0.446296296875 0.234375 0.42592592578125 0.2265625 0.42592592578125 0.222395833984375 0.416666666015625 0.2125 0.412037037109375 0.209895833984375 0.407407408203125 0.2078125 0.396296296875 0.205729166015625 0.393518517578125 0.201041666015625 0.393518517578125 0.1984375 0.387037037109375 0.1953125 0.385185185546875 0.1828125 0.396296296875 0.18125 0.411111111328125 0.1828125 0.425 0.184895833984375 0.42777777734375 0.193229166015625 0.42777777734375
0 0.076041666015625 0.27777777734375 0.0921875 0.2731481484375 0.097916666015625 0.263888888671875 0.095833333984375 0.2555555546875 0.088020833984375 0.241666666015625 0.086458333984375 0.231481482421875 0.082291666015625 0.22962962890625 0.080208333984375 0.2231481484375 0.076041666015625 0.221296296875 0.069791666015625 0.22407407421875 0.0671875 0.235185185546875 0.064583333984375 0.238888888671875 0.064583333984375 0.2481481484375 0.066145833984375 0.25277777734375 0.070833333984375 0.2555555546875 0.076041666015625 0.27777777734375
0 0.08125 0.334259259765625 0.082291666015625 0.32777777734375 0.080729166015625 0.316666666015625 0.0734375 0.30462962890625 0.069791666015625 0.289814814453125 0.061458333984375 0.2805555546875 0.0515625 0.282407408203125 0.049479166015625 0.287037037109375 0.046875 0.3055555546875 0.056770833984375 0.341666666015625 0.0671875 0.343518517578125 0.08125 0.334259259765625
0 0.44375 0.618518517578125 0.447916666015625 0.618518517578125 0.454166666015625 0.612037037109375 0.472916666015625 0.616666666015625 0.5 0.616666666015625 0.503645833984375 0.6194444453125 0.50625 0.6305555546875 0.516666666015625 0.6305555546875 0.520833333984375 0.634259259765625 0.526041666015625 0.634259259765625 0.53125 0.621296296875 0.53125 0.593518517578125 0.5203125 0.586111111328125 0.517708333984375 0.57592592578125 0.5140625 0.57592592578125 0.509375 0.584259259765625 0.503645833984375 0.588888888671875 0.497916666015625 0.587037037109375 0.493229166015625 0.57777777734375 0.463020833984375 0.57592592578125 0.452604166015625 0.566666666015625 0.441666666015625 0.566666666015625 0.436458333984375 0.587962962890625 0.441145833984375 0.593518517578125 0.441666666015625 0.610185185546875 0.44375 0.618518517578125
0 0.955208333984375 0.512037037109375 0.9578125 0.507407408203125 0.975 0.4981481484375 0.9796875 0.491666666015625 0.9921875 0.4981481484375 0.997395833984375 0.485185185546875 0.996354166015625 0.4805555546875 0.977083333984375 0.460185185546875 0.966666666015625 0.460185185546875 0.961979166015625 0.466666666015625 0.95625 0.4694444453125 0.9453125 0.485185185546875 0.938541666015625 0.47777777734375 0.933333333984375 0.47962962890625 0.930729166015625 0.484259259765625 0.93125 0.496296296875 0.9453125 0.513888888671875 0.955208333984375 0.512037037109375
0 0.086979166015625 0.20277777734375 0.094270833984375 0.196296296875 0.09375 0.182407408203125 0.085416666015625 0.163888888671875 0.0796875 0.157407408203125 0.069270833984375 0.160185185546875 0.06875 0.182407408203125 0.072395833984375 0.190740740234375 0.075 0.20462962890625 0.086979166015625 0.20277777734375
0 0.377604166015625 0.6305555546875 0.376041666015625 0.638888888671875 0.377604166015625 0.6481481484375 0.381770833984375 0.65277777734375 0.3875 0.65277777734375 0.393229166015625 0.646296296875 0.413020833984375 0.6555555546875 0.429166666015625 0.6555555546875 0.436979166015625 0.65277777734375 0.444791666015625 0.663888888671875 0.45625 0.6731481484375 0.4625 0.6731481484375 0.4703125 0.6555555546875 0.472395833984375 0.643518517578125 0.471354166015625 0.632407408203125 0.46875 0.62777777734375 0.461458333984375 0.62777777734375 0.453645833984375 0.616666666015625 0.441145833984375 0.625 0.428645833984375 0.612037037109375 0.41875 0.613888888671875 0.415625 0.610185185546875 0.4 0.610185185546875 0.3953125 0.60092592578125 0.3859375 0.596296296875 0.3796875 0.5981481484375 0.377604166015625 0.607407408203125 0.371875 0.615740740234375 0.371875 0.618518517578125 0.377604166015625 0.6305555546875
0 0.147395833984375 0.55092592578125 0.1546875 0.55462962890625 0.157291666015625 0.568518517578125 0.165104166015625 0.57777777734375 0.1734375 0.57777777734375 0.192708333984375 0.557407408203125 0.192708333984375 0.55092592578125 0.185416666015625 0.534259259765625 0.181770833984375 0.5305555546875 0.1765625 0.532407408203125 0.16875 0.5194444453125 0.158854166015625 0.516666666015625 0.15625 0.511111111328125 0.1546875 0.496296296875 0.150520833984375 0.496296296875 0.144270833984375 0.488888888671875 0.1375 0.488888888671875 0.127604166015625 0.50092592578125 0.126041666015625 0.52592592578125 0.129166666015625 0.534259259765625 0.136979166015625 0.534259259765625 0.147395833984375 0.55092592578125
0 0.119270833984375 0.37777777734375 0.124479166015625 0.387037037109375 0.126041666015625 0.396296296875 0.129166666015625 0.40092592578125 0.132291666015625 0.412037037109375 0.139583333984375 0.412037037109375 0.148958333984375 0.407407408203125 0.1578125 0.3981481484375 0.1546875 0.37962962890625 0.1515625 0.37592592578125 0.147916666015625 0.37592592578125 0.1421875 0.364814814453125 0.138541666015625 0.362037037109375 0.136979166015625 0.346296296875 0.131770833984375 0.346296296875 0.1296875 0.341666666015625 0.125 0.339814814453125 0.1171875 0.343518517578125 0.114583333984375 0.3481481484375 0.1140625 0.3555555546875 0.111979166015625 0.359259259765625 0.111979166015625 0.37592592578125 0.119270833984375 0.37777777734375
0 0.71875 0.585185185546875 0.725 0.591666666015625 0.730729166015625 0.591666666015625 0.736979166015625 0.585185185546875 0.766145833984375 0.582407408203125 0.772916666015625 0.57592592578125 0.784375 0.57962962890625 0.7890625 0.5768518515625 0.797395833984375 0.57777777734375 0.7984375 0.57407407421875 0.797916666015625 0.563888888671875 0.7890625 0.55 0.785416666015625 0.538888888671875 0.781770833984375 0.537037037109375 0.76875 0.535185185546875 0.7625 0.541666666015625 0.752083333984375 0.541666666015625 0.731770833984375 0.55092592578125 0.727604166015625 0.5555555546875 0.723958333984375 0.55462962890625 0.717708333984375 0.546296296875 0.710416666015625 0.5481481484375 0.708854166015625 0.55462962890625 0.711458333984375 0.560185185546875 0.7125 0.5731481484375 0.71875 0.585185185546875