0 0.523958333984375 0.359259259765625 0.522916666015625 0.3481481484375 0.521354166015625 0.346296296875 0.504166666015625 0.3444444453125 0.501041666015625 0.34722222265625 0.500520833984375 0.359259259765625 0.5046875 0.357407408203125 0.517708333984375 0.363888888671875 0.523958333984375 0.359259259765625
0 0.5203125 0.359259259765625 0.522395833984375 0.359259259765625 0.521354166015625 0.3555555546875 0.5203125 0.359259259765625
0 0.521484375 0.3515625 0.0009765625 0.001953125
0 0.522395833984375 0.337037037109375 0.5203125 0.32777777734375 0.511979166015625 0.32407407421875 0.5078125 0.32592592578125 0.5046875 0.332407408203125 0.503645833984375 0.338888888671875 0.50625 0.343518517578125 0.5171875 0.343518517578125 0.522395833984375 0.337037037109375
0 0.51875 0.362037037109375 0.509895833984375 0.357407408203125 0.501041666015625 0.35462962890625 0.4984375 0.360185185546875 0.49375 0.362037037109375 0.49375 0.37592592578125 0.516145833984375 0.37592592578125 0.51875 0.3731481484375 0.51875 0.362037037109375
0 0.509375 0.416666666015625 0.5046875 0.413888888671875 0.501041666015625 0.407407408203125 0.489583333984375 0.40277777734375 0.48125 0.411111111328125 0.480729166015625 0.418518517578125 0.484375 0.435185185546875 0.509375 0.435185185546875 0.509375 0.416666666015625
0 0.513020833984375 0.359259259765625 0.518229166015625 0.362037037109375 0.522395833984375 0.362037037109375 0.523958333984375 0.359259259765625 0.5234375 0.3481481484375 0.519791666015625 0.340740740234375 0.520833333984375 0.337037037109375 0.5171875 0.32777777734375 0.510416666015625 0.32592592578125 0.5078125 0.32777777734375 0.5046875 0.336111111328125 0.503125 0.34722222265625 0.5046875 0.35092592578125 0.507291666015625 0.35092592578125 0.513020833984375 0.359259259765625
0 0.452083333984375 0.571296296875 0.45625 0.562037037109375 0.45625 0.538888888671875 0.454166666015625 0.532407408203125 0.443229166015625 0.52962962890625 0.441145833984375 0.52592592578125 0.441145833984375 0.516666666015625 0.4390625 0.512037037109375 0.430208333984375 0.512037037109375 0.425 0.507407408203125 0.4203125 0.507407408203125 0.416666666015625 0.512037037109375 0.408333333984375 0.512037037109375 0.4046875 0.52777777734375 0.390104166015625 0.535185185546875 0.388020833984375 0.541666666015625 0.3875 0.568518517578125 0.389583333984375 0.5731481484375 0.409895833984375 0.5694444453125 0.452083333984375 0.571296296875
0 0.543229166015625 0.341666666015625 0.543229166015625 0.335185185546875 0.5390625 0.3194444453125 0.5234375 0.3194444453125 0.521354166015625 0.3231481484375 0.521354166015625 0.32962962890625 0.524479166015625 0.341666666015625 0.543229166015625 0.341666666015625
0 0.5140625 0.37777777734375 0.49375 0.37592592578125 0.4890625 0.382407408203125 0.4890625 0.396296296875 0.516666666015625 0.393518517578125 0.516666666015625 0.382407408203125 0.5140625 0.37777777734375
0 0.480729166015625 0.438888888671875 0.480729166015625 0.4231481484375 0.469791666015625 0.410185185546875 0.455208333984375 0.410185185546875 0.449479166015625 0.418518517578125 0.444270833984375 0.4194444453125 0.443229166015625 0.438888888671875 0.4453125 0.441666666015625 0.453645833984375 0.438888888671875 0.480729166015625 0.438888888671875
0 0.403125 0.69907407421875 0.408333333984375 0.70277777734375 0.418229166015625 0.70277777734375 0.421875 0.6944444453125 0.420833333984375 0.6555555546875 0.418229166015625 0.641666666015625 0.40625 0.641666666015625 0.402083333984375 0.638888888671875 0.4 0.635185185546875 0.4 0.62592592578125 0.397395833984375 0.6231481484375 0.400520833984375 0.6194444453125 0.400520833984375 0.614814814453125 0.397916666015625 0.610185185546875 0.371875 0.607407408203125 0.369791666015625 0.610185185546875 0.357291666015625 0.612037037109375 0.3546875 0.618518517578125 0.355208333984375 0.62407407421875 0.359375 0.6231481484375 0.363020833984375 0.62592592578125 0.360416666015625 0.640740740234375 0.357291666015625 0.641666666015625 0.354166666015625 0.637037037109375 0.350520833984375 0.637037037109375 0.336979166015625 0.641666666015625 0.331770833984375 0.660185185546875 0.33125 0.692592591796875 0.333333333984375 0.70277777734375 0.376041666015625 0.70277777734375 0.403125 0.69907407421875