0 0.4625 0.55462962890625 0.466145833984375 0.566666666015625 0.488020833984375 0.568518517578125 0.496875 0.566666666015625 0.4984375 0.563888888671875 0.494791666015625 0.539814814453125 0.4875 0.532407408203125 0.481770833984375 0.517592591796875 0.480729166015625 0.50092592578125 0.476041666015625 0.5 0.472916666015625 0.488888888671875 0.45625 0.488888888671875 0.45625 0.4981481484375 0.450520833984375 0.5055555546875 0.450520833984375 0.516666666015625 0.452083333984375 0.521296296875 0.4578125 0.52407407421875 0.4625 0.55462962890625
0 0.4671875 0.3555555546875 0.46875 0.35092592578125 0.46875 0.337037037109375 0.466666666015625 0.310185185546875 0.463020833984375 0.307407408203125 0.458854166015625 0.2981481484375 0.453645833984375 0.296296296875 0.449479166015625 0.296296296875 0.444270833984375 0.307407408203125 0.441666666015625 0.308333333984375 0.4421875 0.343518517578125 0.44375 0.35462962890625 0.455729166015625 0.357407408203125 0.4671875 0.3555555546875
0 0.458333333984375 0 0.458333333984375 0.021296296875 0.46875 0.025 0.476041666015625 0.021296296875 0.4765625 0 0.458333333984375 0
0 0.649479166015625 0.788888888671875 0.659375 0.791666666015625 0.673958333984375 0.8055555546875 0.6765625 0.812037037109375 0.686458333984375 0.8231481484375 0.7015625 0.85277777734375 0.71875 0.85277777734375 0.7296875 0.846296296875 0.734375 0.838888888671875 0.730729166015625 0.82592592578125 0.721875 0.807407408203125 0.708854166015625 0.807407408203125 0.70625 0.80277777734375 0.703125 0.787962962890625 0.691145833984375 0.77962962890625 0.677083333984375 0.757407408203125 0.670833333984375 0.7555555546875 0.666145833984375 0.741666666015625 0.656770833984375 0.741666666015625 0.650520833984375 0.7444444453125 0.647395833984375 0.74907407421875 0.647395833984375 0.762962962890625 0.644791666015625 0.7731481484375 0.646354166015625 0.784259259765625 0.649479166015625 0.788888888671875
0 0.4625 0.168518517578125 0.460416666015625 0.162037037109375 0.457291666015625 0.162037037109375 0.4546875 0.157407408203125 0.448958333984375 0.15462962890625 0.443229166015625 0.162037037109375 0.439583333984375 0.17222222265625 0.439583333984375 0.1981481484375 0.456770833984375 0.2 0.4609375 0.196296296875 0.4625 0.168518517578125
0 0.51875 0.536111111328125 0.51875 0.543518517578125 0.521875 0.553703703125 0.546354166015625 0.5555555546875 0.554166666015625 0.55 0.55 0.52777777734375 0.545833333984375 0.52592592578125 0.543229166015625 0.521296296875 0.541145833984375 0.512037037109375 0.535416666015625 0.50462962890625 0.535416666015625 0.4944444453125 0.527083333984375 0.484259259765625 0.524479166015625 0.47592592578125 0.511458333984375 0.47592592578125 0.509895833984375 0.484259259765625 0.5046875 0.4944444453125 0.505208333984375 0.509259259765625 0.511979166015625 0.514814814453125 0.513020833984375 0.5231481484375 0.51875 0.536111111328125
0 0.5 0.15462962890625 0.51875 0.15277777734375 0.5203125 0.141666666015625 0.5203125 0.12592592578125 0.51875 0.118518517578125 0.511979166015625 0.112037037109375 0.5078125 0.112037037109375 0.5 0.12407407421875 0.5 0.134259259765625 0.4984375 0.138888888671875 0.4984375 0.1518518515625 0.5 0.15462962890625
0 0.439583333984375 0.413888888671875 0.4421875 0.44722222265625 0.46875 0.4481481484375 0.469791666015625 0.435185185546875 0.4640625 0.409259259765625 0.4625 0.391666666015625 0.4578125 0.389814814453125 0.45625 0.3805555546875 0.444791666015625 0.37962962890625 0.441145833984375 0.382407408203125 0.441666666015625 0.389814814453125 0.435416666015625 0.39722222265625 0.435416666015625 0.403703703125 0.439583333984375 0.413888888671875
0 0.541666666015625 0.2981481484375 0.563020833984375 0.3 0.565625 0.296296296875 0.5671875 0.263888888671875 0.560416666015625 0.246296296875 0.548958333984375 0.246296296875 0.5484375 0.25 0.543229166015625 0.256481482421875 0.5421875 0.262962962890625 0.5421875 0.275 0.5390625 0.283333333984375 0.539583333984375 0.2944444453125 0.541666666015625 0.2981481484375
0 0.556770833984375 0.037037037109375 0.556770833984375 0.0194444453125 0.554166666015625 0.010185185546875 0.544270833984375 0.007407408203125 0.538020833984375 0.014814814453125 0.5390625 0.037037037109375 0.542708333984375 0.039814814453125 0.5546875 0.039814814453125 0.556770833984375 0.037037037109375
0 0.479166666015625 0.082407408203125 0.470833333984375 0.082407408203125 0.46875 0.087037037109375 0.4640625 0.089814814453125 0.4625 0.0981481484375 0.4625 0.1194444453125 0.48125 0.12037037109375 0.484375 0.093518517578125 0.479166666015625 0.082407408203125
0 0.498958333984375 0.388888888671875 0.503125 0.396296296875 0.504166666015625 0.416666666015625 0.50625 0.425 0.5078125 0.42777777734375 0.532291666015625 0.42592592578125 0.532291666015625 0.407407408203125 0.5265625 0.390740740234375 0.526041666015625 0.37592592578125 0.521354166015625 0.371296296875 0.51875 0.362037037109375 0.515104166015625 0.357407408203125 0.5078125 0.357407408203125 0.505208333984375 0.362037037109375 0.503645833984375 0.37222222265625 0.4984375 0.3768518515625 0.4984375 0.383333333984375 0.498958333984375 0.388888888671875
0 0.548958333984375 0.67407407421875 0.556770833984375 0.691666666015625 0.563541666015625 0.69907407421875 0.572916666015625 0.721296296875 0.578645833984375 0.725 0.588541666015625 0.725 0.605208333984375 0.718518517578125 0.605729166015625 0.7055555546875 0.600520833984375 0.688888888671875 0.590104166015625 0.685185185546875 0.583854166015625 0.668518517578125 0.5765625 0.662962962890625 0.571875 0.646296296875 0.563020833984375 0.637037037109375 0.559895833984375 0.62592592578125 0.551041666015625 0.62592592578125 0.542708333984375 0.631481482421875 0.5421875 0.646296296875 0.5375 0.65277777734375 0.538020833984375 0.666666666015625 0.548958333984375 0.67407407421875
0 0.4890625 0.25 0.488020833984375 0.233333333984375 0.478645833984375 0.22407407421875 0.4734375 0.2305555546875 0.466145833984375 0.232407408203125 0.465625 0.235185185546875 0.4640625 0.271296296875 0.473958333984375 0.275 0.486979166015625 0.2731481484375 0.4890625 0.25
0 0.480208333984375 0.05277777734375 0.4796875 0.041666666015625 0.474479166015625 0.035185185546875 0.466666666015625 0.035185185546875 0.4625 0.038888888671875 0.458854166015625 0.05 0.458854166015625 0.068518517578125 0.478125 0.068518517578125 0.480208333984375 0.05277777734375
0 0.519791666015625 0.0481481484375 0.5171875 0.039814814453125 0.506770833984375 0.037037037109375 0.500520833984375 0.046296296875 0.501041666015625 0.068518517578125 0.514583333984375 0.0694444453125 0.51875 0.066666666015625 0.519791666015625 0.0481481484375
0 0.574479166015625 0.212037037109375 0.574479166015625 0.1981481484375 0.568229166015625 0.184259259765625 0.559895833984375 0.1805555546875 0.555208333984375 0.191666666015625 0.5515625 0.1944444453125 0.551041666015625 0.20462962890625 0.547916666015625 0.216666666015625 0.547395833984375 0.2268518515625 0.548958333984375 0.2305555546875 0.571354166015625 0.2305555546875 0.574479166015625 0.212037037109375
0 0.560416666015625 0.085185185546875 0.550520833984375 0.084259259765625 0.543229166015625 0.096296296875 0.54375 0.1231481484375 0.5625 0.121296296875 0.563541666015625 0.093518517578125 0.560416666015625 0.085185185546875