0 0.932291666015625 0.4731481484375 0.938541666015625 0.47407407421875 0.9421875 0.471296296875 0.94375 0.464814814453125 0.955729166015625 0.446296296875 0.961458333984375 0.446296296875 0.963541666015625 0.441666666015625 0.963541666015625 0.435185185546875 0.960416666015625 0.42777777734375 0.959895833984375 0.417592591796875 0.9484375 0.413888888671875 0.943229166015625 0.421296296875 0.939583333984375 0.421296296875 0.9375 0.4305555546875 0.929166666015625 0.441666666015625 0.921875 0.4444444453125 0.919791666015625 0.44907407421875 0.918229166015625 0.459259259765625 0.919270833984375 0.462037037109375 0.924479166015625 0.463888888671875 0.932291666015625 0.4731481484375
0 0.836979166015625 0.513888888671875 0.841145833984375 0.510185185546875 0.845833333984375 0.4981481484375 0.848958333984375 0.4981481484375 0.859895833984375 0.487037037109375 0.86875 0.485185185546875 0.870833333984375 0.4805555546875 0.869270833984375 0.47037037109375 0.8703125 0.462037037109375 0.8671875 0.4555555546875 0.857291666015625 0.45092592578125 0.8546875 0.4555555546875 0.847395833984375 0.459259259765625 0.8421875 0.4731481484375 0.8328125 0.4731481484375 0.8265625 0.4805555546875 0.822916666015625 0.4805555546875 0.81875 0.485185185546875 0.81875 0.5018518515625 0.8203125 0.507407408203125 0.827604166015625 0.513888888671875 0.836979166015625 0.513888888671875
0 0.653645833984375 0.537037037109375 0.658333333984375 0.537037037109375 0.661979166015625 0.532407408203125 0.668229166015625 0.532407408203125 0.686458333984375 0.537037037109375 0.7046875 0.537037037109375 0.708333333984375 0.541666666015625 0.713020833984375 0.541666666015625 0.716145833984375 0.538888888671875 0.717708333984375 0.52777777734375 0.7234375 0.518518517578125 0.721875 0.510185185546875 0.71875 0.50462962890625 0.7 0.507407408203125 0.683333333984375 0.50277777734375 0.68125 0.5055555546875 0.663020833984375 0.507407408203125 0.659375 0.50092592578125 0.655729166015625 0.50092592578125 0.649479166015625 0.507407408203125 0.643229166015625 0.507407408203125 0.641666666015625 0.510185185546875 0.639583333984375 0.52037037109375 0.640104166015625 0.5305555546875 0.643229166015625 0.535185185546875 0.653645833984375 0.537037037109375
0 0.198958333984375 0.40277777734375 0.202604166015625 0.407407408203125 0.213020833984375 0.3981481484375 0.21875 0.396296296875 0.220833333984375 0.391666666015625 0.219791666015625 0.3805555546875 0.209375 0.382407408203125 0.1953125 0.3694444453125 0.177083333984375 0.371296296875 0.163020833984375 0.385185185546875 0.1625 0.388888888671875 0.1640625 0.391666666015625 0.1828125 0.393518517578125 0.198958333984375 0.40277777734375
0 0.999479166015625 0.435185185546875 0.999479166015625 0.385185185546875 0.989583333984375 0.388888888671875 0.986979166015625 0.406481482421875 0.980208333984375 0.412962962890625 0.978125 0.425 0.98125 0.42962962890625 0.991666666015625 0.435185185546875 0.999479166015625 0.435185185546875
0 0.5625 0.516666666015625 0.568229166015625 0.510185185546875 0.573958333984375 0.510185185546875 0.58125 0.518518517578125 0.605208333984375 0.521296296875 0.609895833984375 0.5231481484375 0.6125 0.52777777734375 0.61875 0.52592592578125 0.6203125 0.52037037109375 0.628125 0.509259259765625 0.629166666015625 0.4981481484375 0.628645833984375 0.493518517578125 0.623958333984375 0.489814814453125 0.611458333984375 0.4944444453125 0.59375 0.487037037109375 0.58125 0.485185185546875 0.577604166015625 0.488888888671875 0.570833333984375 0.488888888671875 0.564583333984375 0.482407408203125 0.550520833984375 0.487962962890625 0.545833333984375 0.50092592578125 0.545833333984375 0.510185185546875 0.547916666015625 0.513888888671875 0.5625 0.516666666015625
0 0.916145833984375 0.5805555546875 0.923958333984375 0.57592592578125 0.930729166015625 0.566666666015625 0.936458333984375 0.566666666015625 0.946875 0.560185185546875 0.95 0.5555555546875 0.959895833984375 0.557407408203125 0.963020833984375 0.55092592578125 0.9625 0.536111111328125 0.9640625 0.52777777734375 0.955729166015625 0.516666666015625 0.951041666015625 0.514814814453125 0.944791666015625 0.5231481484375 0.939583333984375 0.52407407421875 0.935416666015625 0.532407408203125 0.920833333984375 0.535185185546875 0.915625 0.5444444453125 0.90625 0.539814814453125 0.8984375 0.55 0.8953125 0.55092592578125 0.89375 0.557407408203125 0.895833333984375 0.563888888671875 0.907291666015625 0.57592592578125 0.916145833984375 0.5805555546875
0 0.972916666015625 0.512037037109375 0.988541666015625 0.5231481484375 0.994270833984375 0.5231481484375 0.999479166015625 0.518518517578125 0.999479166015625 0.466666666015625 0.993229166015625 0.466666666015625 0.9890625 0.47962962890625 0.983854166015625 0.485185185546875 0.9765625 0.487037037109375 0.972916666015625 0.493518517578125 0.971875 0.50092592578125 0.969791666015625 0.50277777734375 0.969791666015625 0.507407408203125 0.972916666015625 0.512037037109375
0 0.16875 0.718518517578125 0.175 0.709259259765625 0.180729166015625 0.709259259765625 0.188020833984375 0.718518517578125 0.216145833984375 0.7231481484375 0.223958333984375 0.734259259765625 0.23125 0.72962962890625 0.241666666015625 0.709259259765625 0.247395833984375 0.688888888671875 0.24375 0.682407408203125 0.236458333984375 0.682407408203125 0.230208333984375 0.691666666015625 0.225 0.691666666015625 0.222395833984375 0.687037037109375 0.208333333984375 0.682407408203125 0.202604166015625 0.67592592578125 0.196354166015625 0.67592592578125 0.192708333984375 0.6805555546875 0.188541666015625 0.6805555546875 0.184895833984375 0.671296296875 0.1796875 0.668518517578125 0.175 0.6731481484375 0.168229166015625 0.6731481484375 0.165104166015625 0.6768518515625 0.163020833984375 0.683333333984375 0.156770833984375 0.691666666015625 0.15625 0.696296296875 0.150520833984375 0.703703703125 0.15 0.713888888671875 0.1578125 0.713888888671875 0.163541666015625 0.718518517578125 0.16875 0.718518517578125
0 0.429166666015625 0.4805555546875 0.434895833984375 0.485185185546875 0.4390625 0.4805555546875 0.444791666015625 0.4805555546875 0.452604166015625 0.488888888671875 0.474479166015625 0.4944444453125 0.481770833984375 0.50277777734375 0.4875 0.5 0.4890625 0.4944444453125 0.496875 0.485185185546875 0.5 0.47592592578125 0.499479166015625 0.468518517578125 0.496875 0.466666666015625 0.49375 0.466666666015625 0.486979166015625 0.4731481484375 0.480208333984375 0.466666666015625 0.466145833984375 0.460185185546875 0.453645833984375 0.460185185546875 0.446875 0.45462962890625 0.433333333984375 0.4555555546875 0.43125 0.462037037109375 0.420833333984375 0.4731481484375 0.421875 0.47962962890625 0.429166666015625 0.4805555546875
0 0.275 0.418518517578125 0.286458333984375 0.418518517578125 0.293229166015625 0.42592592578125 0.304166666015625 0.4231481484375 0.309375 0.418518517578125 0.3125 0.410185185546875 0.3125 0.40092592578125 0.3109375 0.3981481484375 0.300520833984375 0.40092592578125 0.289583333984375 0.393518517578125 0.286979166015625 0.388888888671875 0.265104166015625 0.388888888671875 0.250520833984375 0.40092592578125 0.249479166015625 0.406481482421875 0.254166666015625 0.412037037109375 0.266145833984375 0.412037037109375 0.275 0.418518517578125
0 0.796875 0.6231481484375 0.806770833984375 0.621296296875 0.813020833984375 0.609259259765625 0.828645833984375 0.613888888671875 0.8484375 0.607407408203125 0.858333333984375 0.613888888671875 0.8625 0.609259259765625 0.861979166015625 0.590740740234375 0.866145833984375 0.588888888671875 0.8671875 0.584259259765625 0.858333333984375 0.5694444453125 0.852083333984375 0.568518517578125 0.8484375 0.57592592578125 0.8296875 0.57592592578125 0.822916666015625 0.5805555546875 0.813541666015625 0.5805555546875 0.8109375 0.588888888671875 0.802604166015625 0.588888888671875 0.8 0.585185185546875 0.7953125 0.584259259765625 0.7890625 0.589814814453125 0.782291666015625 0.588888888671875 0.780208333984375 0.591666666015625 0.7796875 0.5981481484375 0.782291666015625 0.610185185546875 0.790625 0.621296296875 0.796875 0.6231481484375
0 0.76875 0.534259259765625 0.770833333984375 0.52777777734375 0.786979166015625 0.52962962890625 0.8 0.52407407421875 0.816666666015625 0.52777777734375 0.81875 0.521296296875 0.819791666015625 0.507407408203125 0.818229166015625 0.492592591796875 0.8140625 0.488888888671875 0.8015625 0.496296296875 0.769270833984375 0.496296296875 0.763020833984375 0.50092592578125 0.74375 0.507407408203125 0.74375 0.5231481484375 0.753125 0.535185185546875 0.766666666015625 0.535185185546875 0.76875 0.534259259765625
0 0.908333333984375 0.521296296875 0.9125 0.516666666015625 0.916666666015625 0.5055555546875 0.925 0.50092592578125 0.93125 0.491666666015625 0.936458333984375 0.491666666015625 0.938020833984375 0.47777777734375 0.9234375 0.463888888671875 0.918229166015625 0.462037037109375 0.913541666015625 0.468518517578125 0.911458333984375 0.47592592578125 0.900520833984375 0.482407408203125 0.896875 0.488888888671875 0.892708333984375 0.487037037109375 0.888020833984375 0.492592591796875 0.884375 0.50277777734375 0.885416666015625 0.509259259765625 0.901041666015625 0.521296296875 0.908333333984375 0.521296296875
0 0.9671875 0.493518517578125 0.980729166015625 0.464814814453125 0.988020833984375 0.462037037109375 0.9890625 0.4555555546875 0.9859375 0.44537037109375 0.986979166015625 0.438888888671875 0.980208333984375 0.4305555546875 0.9734375 0.4305555546875 0.972395833984375 0.437037037109375 0.966145833984375 0.44537037109375 0.954166666015625 0.457407408203125 0.948958333984375 0.457407408203125 0.94375 0.464814814453125 0.941145833984375 0.4768518515625 0.944791666015625 0.484259259765625 0.959895833984375 0.493518517578125 0.9671875 0.493518517578125
0 0.526041666015625 0.559259259765625 0.5296875 0.557407408203125 0.532291666015625 0.55092592578125 0.535416666015625 0.55092592578125 0.543229166015625 0.560185185546875 0.574479166015625 0.568518517578125 0.582291666015625 0.57592592578125 0.586979166015625 0.571296296875 0.588541666015625 0.562962962890625 0.594791666015625 0.557407408203125 0.5984375 0.538888888671875 0.589583333984375 0.535185185546875 0.5859375 0.539814814453125 0.58125 0.539814814453125 0.575 0.535185185546875 0.564583333984375 0.534259259765625 0.561458333984375 0.5305555546875 0.541145833984375 0.5305555546875 0.536458333984375 0.5231481484375 0.5296875 0.5231481484375 0.527604166015625 0.52592592578125 0.5203125 0.52592592578125 0.511979166015625 0.537037037109375 0.5109375 0.541666666015625 0.509895833984375 0.5518518515625 0.511458333984375 0.5555555546875 0.51875 0.55462962890625 0.526041666015625 0.559259259765625
0 0.666666666015625 0.585185185546875 0.689583333984375 0.591666666015625 0.704166666015625 0.591666666015625 0.711979166015625 0.60092592578125 0.716145833984375 0.6 0.720833333984375 0.585185185546875 0.725520833984375 0.57777777734375 0.725 0.560185185546875 0.721875 0.5555555546875 0.709375 0.561111111328125 0.6875 0.55277777734375 0.68125 0.557407408203125 0.663541666015625 0.560185185546875 0.661979166015625 0.55277777734375 0.656770833984375 0.55092592578125 0.65 0.557407408203125 0.641145833984375 0.557407408203125 0.638020833984375 0.565740740234375 0.6375 0.581481482421875 0.639583333984375 0.587037037109375 0.660416666015625 0.588888888671875 0.666666666015625 0.585185185546875
0 0.810416666015625 0.568518517578125 0.8234375 0.571296296875 0.833854166015625 0.564814814453125 0.853645833984375 0.568518517578125 0.855729166015625 0.563888888671875 0.855208333984375 0.55277777734375 0.8609375 0.543518517578125 0.856770833984375 0.538888888671875 0.852604166015625 0.528703703125 0.847916666015625 0.52592592578125 0.840625 0.534259259765625 0.8125 0.538888888671875 0.803125 0.546296296875 0.797916666015625 0.546296296875 0.795833333984375 0.541666666015625 0.791666666015625 0.539814814453125 0.7875 0.541666666015625 0.784375 0.5481481484375 0.777604166015625 0.55 0.777083333984375 0.562037037109375 0.788020833984375 0.57777777734375 0.802604166015625 0.57777777734375 0.810416666015625 0.568518517578125
0 0.344791666015625 0.462037037109375 0.366145833984375 0.47407407421875 0.373958333984375 0.4731481484375 0.375520833984375 0.4694444453125 0.378645833984375 0.468518517578125 0.3828125 0.462037037109375 0.384895833984375 0.45277777734375 0.384895833984375 0.4481481484375 0.3828125 0.4444444453125 0.372916666015625 0.4481481484375 0.359375 0.435185185546875 0.344270833984375 0.434259259765625 0.341145833984375 0.4305555546875 0.33125 0.432407408203125 0.319791666015625 0.441666666015625 0.31875 0.4481481484375 0.324479166015625 0.4555555546875 0.338020833984375 0.45277777734375 0.344791666015625 0.462037037109375