0 0.703645833984375 0.713888888671875 0.720833333984375 0.710185185546875 0.735416666015625 0.716666666015625 0.755208333984375 0.716666666015625 0.7625 0.72777777734375 0.772395833984375 0.72777777734375 0.7734375 0.7305555546875 0.779166666015625 0.732407408203125 0.783333333984375 0.7305555546875 0.785416666015625 0.72592592578125 0.7859375 0.70277777734375 0.784895833984375 0.6981481484375 0.780208333984375 0.6944444453125 0.773958333984375 0.693518517578125 0.769270833984375 0.688888888671875 0.75625 0.691666666015625 0.739583333984375 0.682407408203125 0.7359375 0.67777777734375 0.711458333984375 0.675 0.7078125 0.6731481484375 0.7046875 0.666666666015625 0.699479166015625 0.667592591796875 0.6953125 0.688888888671875 0.698958333984375 0.696296296875 0.699479166015625 0.707407408203125 0.703645833984375 0.713888888671875
0 0.413020833984375 0.491666666015625 0.4375 0.518518517578125 0.4484375 0.518518517578125 0.455729166015625 0.512037037109375 0.458333333984375 0.5055555546875 0.4578125 0.4981481484375 0.454166666015625 0.489814814453125 0.451041666015625 0.488888888671875 0.449479166015625 0.485185185546875 0.4421875 0.488888888671875 0.428645833984375 0.47407407421875 0.4203125 0.468518517578125 0.418229166015625 0.462037037109375 0.408333333984375 0.45277777734375 0.400520833984375 0.4555555546875 0.396354166015625 0.463888888671875 0.3953125 0.47777777734375 0.397395833984375 0.484259259765625 0.411458333984375 0.487037037109375 0.413020833984375 0.491666666015625
0 0.233333333984375 0.02592592578125 0.233333333984375 0.010185185546875 0.230729166015625 0.00277777734375 0.219791666015625 0.00277777734375 0.2171875 0.011111111328125 0.216666666015625 0.02592592578125 0.21875 0.02962962890625 0.227083333984375 0.02962962890625 0.233333333984375 0.02592592578125
0 0.2390625 0.32777777734375 0.238541666015625 0.316666666015625 0.230208333984375 0.288888888671875 0.21875 0.282407408203125 0.209895833984375 0.291666666015625 0.209895833984375 0.30277777734375 0.21875 0.334259259765625 0.2375 0.332407408203125 0.2390625 0.32777777734375
0 0.3421875 0.393518517578125 0.3484375 0.388888888671875 0.349479166015625 0.382407408203125 0.347395833984375 0.3731481484375 0.3390625 0.362037037109375 0.33125 0.3444444453125 0.323958333984375 0.335185185546875 0.320833333984375 0.332407408203125 0.3140625 0.335185185546875 0.310416666015625 0.3481481484375 0.310416666015625 0.360185185546875 0.320833333984375 0.37592592578125 0.325520833984375 0.391666666015625 0.3421875 0.393518517578125
0 0.2546875 0.163888888671875 0.254166666015625 0.138888888671875 0.24375 0.134259259765625 0.239583333984375 0.135185185546875 0.2359375 0.139814814453125 0.235416666015625 0.162037037109375 0.236979166015625 0.168518517578125 0.251041666015625 0.168518517578125 0.2546875 0.163888888671875
0 0.211458333984375 0.185185185546875 0.213020833984375 0.17777777734375 0.2125 0.1555555546875 0.2046875 0.15092592578125 0.198958333984375 0.15092592578125 0.19375 0.161111111328125 0.19375 0.185185185546875 0.197916666015625 0.188888888671875 0.205208333984375 0.188888888671875 0.211458333984375 0.185185185546875
0 0.8578125 0.72777777734375 0.8625 0.732407408203125 0.88125 0.72777777734375 0.8953125 0.7305555546875 0.900520833984375 0.734259259765625 0.917708333984375 0.732407408203125 0.9234375 0.738888888671875 0.936458333984375 0.741666666015625 0.945833333984375 0.741666666015625 0.947395833984375 0.738888888671875 0.947395833984375 0.72592592578125 0.934895833984375 0.70277777734375 0.921875 0.69907407421875 0.9109375 0.70092592578125 0.90625 0.696296296875 0.86875 0.696296296875 0.855729166015625 0.687037037109375 0.8515625 0.687037037109375 0.848958333984375 0.689814814453125 0.85 0.710185185546875 0.855729166015625 0.7194444453125 0.8578125 0.72777777734375
0 0.2171875 0.10462962890625 0.205729166015625 0.10277777734375 0.2015625 0.1055555546875 0.2 0.111111111328125 0.200520833984375 0.134259259765625 0.2171875 0.132407408203125 0.21875 0.116666666015625 0.2171875 0.10462962890625
0 0.315104166015625 0.45462962890625 0.324479166015625 0.460185185546875 0.334895833984375 0.47777777734375 0.349479166015625 0.47592592578125 0.355729166015625 0.471296296875 0.357291666015625 0.466666666015625 0.356770833984375 0.460185185546875 0.351041666015625 0.4481481484375 0.343229166015625 0.446296296875 0.340104166015625 0.437962962890625 0.331770833984375 0.434259259765625 0.329166666015625 0.42592592578125 0.321875 0.4194444453125 0.318229166015625 0.410185185546875 0.307291666015625 0.413888888671875 0.3046875 0.418518517578125 0.303645833984375 0.436111111328125 0.30625 0.44722222265625 0.310416666015625 0.4481481484375 0.315104166015625 0.45462962890625
0 0.23125 0.210185185546875 0.229166666015625 0.191666666015625 0.219270833984375 0.184259259765625 0.214583333984375 0.185185185546875 0.2125 0.191666666015625 0.209895833984375 0.2018518515625 0.2109375 0.22592592578125 0.230208333984375 0.22592592578125 0.23125 0.210185185546875
0 0.267708333984375 0.37592592578125 0.271354166015625 0.388888888671875 0.274479166015625 0.393518517578125 0.283854166015625 0.393518517578125 0.294791666015625 0.388888888671875 0.297395833984375 0.385185185546875 0.29375 0.368518517578125 0.288020833984375 0.363888888671875 0.28125 0.3518518515625 0.279166666015625 0.341666666015625 0.269270833984375 0.334259259765625 0.263020833984375 0.335185185546875 0.261458333984375 0.341666666015625 0.255729166015625 0.3481481484375 0.25625 0.360185185546875 0.267708333984375 0.37592592578125
0 0.2984375 0.318518517578125 0.316666666015625 0.313888888671875 0.316666666015625 0.30277777734375 0.311458333984375 0.291666666015625 0.30625 0.2694444453125 0.3 0.262037037109375 0.293229166015625 0.262037037109375 0.291145833984375 0.268518517578125 0.286458333984375 0.27407407421875 0.2859375 0.288888888671875 0.290625 0.296296296875 0.294270833984375 0.316666666015625 0.2984375 0.318518517578125
0 0.267708333984375 0.257407408203125 0.266666666015625 0.238888888671875 0.2625 0.2231481484375 0.258333333984375 0.2194444453125 0.25625 0.212037037109375 0.249479166015625 0.212037037109375 0.24375 0.22222222265625 0.244270833984375 0.24722222265625 0.247395833984375 0.260185185546875 0.266145833984375 0.260185185546875 0.267708333984375 0.257407408203125
0 0.294791666015625 0.212037037109375 0.293229166015625 0.188888888671875 0.286458333984375 0.1731481484375 0.278645833984375 0.1731481484375 0.2734375 0.182407408203125 0.272395833984375 0.188888888671875 0.275520833984375 0.216666666015625 0.290625 0.216666666015625 0.294791666015625 0.212037037109375
0 0.402083333984375 0.563888888671875 0.406770833984375 0.57592592578125 0.4125 0.582407408203125 0.420833333984375 0.582407408203125 0.428645833984375 0.57777777734375 0.4359375 0.566666666015625 0.4265625 0.5481481484375 0.414583333984375 0.546296296875 0.408333333984375 0.535185185546875 0.4015625 0.532407408203125 0.396354166015625 0.52407407421875 0.392708333984375 0.5231481484375 0.382291666015625 0.510185185546875 0.376041666015625 0.510185185546875 0.36875 0.516666666015625 0.369270833984375 0.546296296875 0.380729166015625 0.546296296875 0.3921875 0.560185185546875 0.402083333984375 0.563888888671875
0 0.545833333984375 0.662037037109375 0.553645833984375 0.663888888671875 0.5625 0.675 0.572395833984375 0.6805555546875 0.58125 0.6805555546875 0.583333333984375 0.67592592578125 0.586458333984375 0.675 0.591145833984375 0.662037037109375 0.591145833984375 0.65462962890625 0.5828125 0.6481481484375 0.58125 0.643518517578125 0.5671875 0.641666666015625 0.563020833984375 0.638888888671875 0.555729166015625 0.62777777734375 0.545833333984375 0.625 0.54375 0.621296296875 0.525 0.618518517578125 0.51875 0.6055555546875 0.515104166015625 0.60462962890625 0.506770833984375 0.614814814453125 0.506770833984375 0.638888888671875 0.511458333984375 0.6481481484375 0.524479166015625 0.6481481484375 0.545833333984375 0.662037037109375
0 0.570833333984375 0.609259259765625 0.586458333984375 0.613888888671875 0.593229166015625 0.6231481484375 0.6046875 0.62777777734375 0.6125 0.625 0.616145833984375 0.616666666015625 0.616666666015625 0.60462962890625 0.611458333984375 0.6 0.606770833984375 0.589814814453125 0.594270833984375 0.587037037109375 0.580729166015625 0.57407407421875 0.559895833984375 0.571296296875 0.55 0.560185185546875 0.545833333984375 0.560185185546875 0.538020833984375 0.571296296875 0.5390625 0.593518517578125 0.542708333984375 0.6 0.555729166015625 0.5981481484375 0.570833333984375 0.609259259765625
0 0.286979166015625 0.139814814453125 0.291666666015625 0.137037037109375 0.291145833984375 0.116666666015625 0.286979166015625 0.1055555546875 0.279166666015625 0.1055555546875 0.275 0.110185185546875 0.2734375 0.115740740234375 0.2734375 0.135185185546875 0.275 0.139814814453125 0.286979166015625 0.139814814453125