0 0.6768518515625 0.3890625 0.657407408203125 0.3890625 0.641666666015625 0.393229166015625 0.62407407421875 0.39375 0.617592591796875 0.395833333984375 0.614814814453125 0.4 0.614814814453125 0.422916666015625 0.617592591796875 0.4265625 0.637962962890625 0.427604166015625 0.659259259765625 0.419791666015625 0.67592592578125 0.4203125 0.681481482421875 0.418229166015625 0.683333333984375 0.4125 0.6944444453125 0.411458333984375 0.692592591796875 0.396354166015625 0.685185185546875 0.394791666015625 0.6768518515625 0.3890625
0 0.791666666015625 0.4375 0.781481482421875 0.441666666015625 0.765740740234375 0.441666666015625 0.761111111328125 0.443229166015625 0.758333333984375 0.4578125 0.760185185546875 0.468229166015625 0.762962962890625 0.469791666015625 0.7805555546875 0.469791666015625 0.789814814453125 0.463541666015625 0.806481482421875 0.4640625 0.813888888671875 0.4578125 0.8194444453125 0.457291666015625 0.8194444453125 0.443229166015625 0.811111111328125 0.4421875 0.808333333984375 0.438020833984375 0.791666666015625 0.4375
0 1 0.347916666015625 0.9944444453125 0.345833333984375 0.978703703125 0.3453125 0.967592591796875 0.348958333984375 0.967592591796875 0.366145833984375 0.97037037109375 0.369791666015625 0.9805555546875 0.369791666015625 1 0.366666666015625 1 0.347916666015625
0 0.4305555546875 0.5546875 0.439814814453125 0.553645833984375 0.442592591796875 0.544791666015625 0.456481482421875 0.543229166015625 0.456481482421875 0.5234375 0.453703703125 0.521354166015625 0.440740740234375 0.521354166015625 0.433333333984375 0.514583333984375 0.418518517578125 0.514583333984375 0.4055555546875 0.522916666015625 0.393518517578125 0.525 0.385185185546875 0.528645833984375 0.358333333984375 0.53125 0.343518517578125 0.535416666015625 0.340740740234375 0.5375 0.340740740234375 0.563541666015625 0.34537037109375 0.573958333984375 0.356481482421875 0.575 0.3768518515625 0.572916666015625 0.385185185546875 0.56875 0.387037037109375 0.5625 0.4018518515625 0.561458333984375 0.415740740234375 0.553125 0.4305555546875 0.5546875
0 0.863888888671875 0.3875 0.878703703125 0.386979166015625 0.887962962890625 0.377604166015625 0.887962962890625 0.369270833984375 0.87777777734375 0.3625 0.85092592578125 0.3625 0.836111111328125 0.365104166015625 0.836111111328125 0.386979166015625 0.839814814453125 0.391145833984375 0.84907407421875 0.391666666015625 0.863888888671875 0.3875
0 0.585185185546875 0.414583333984375 0.585185185546875 0.40625 0.583333333984375 0.399479166015625 0.57222222265625 0.399479166015625 0.567592591796875 0.3921875 0.553703703125 0.391145833984375 0.538888888671875 0.399479166015625 0.503703703125 0.4 0.4944444453125 0.404166666015625 0.487962962890625 0.4109375 0.492592591796875 0.436458333984375 0.517592591796875 0.4375 0.52407407421875 0.4359375 0.52777777734375 0.43125 0.539814814453125 0.429166666015625 0.5444444453125 0.426041666015625 0.560185185546875 0.427604166015625 0.57037037109375 0.424479166015625 0.57222222265625 0.41875 0.581481482421875 0.4171875 0.585185185546875 0.414583333984375
0 0.9731481484375 0.438020833984375 0.981481482421875 0.4375 0.992592591796875 0.43125 0.992592591796875 0.420833333984375 0.986111111328125 0.4171875 0.97037037109375 0.416666666015625 0.956481482421875 0.418229166015625 0.9518518515625 0.420833333984375 0.953703703125 0.440104166015625 0.964814814453125 0.441145833984375 0.9731481484375 0.438020833984375
0 0.94722222265625 0.376041666015625 0.9444444453125 0.365104166015625 0.9268518515625 0.359895833984375 0.913888888671875 0.359375 0.89907407421875 0.3625 0.89907407421875 0.38125 0.9018518515625 0.384895833984375 0.912962962890625 0.3859375 0.936111111328125 0.3828125 0.94722222265625 0.376041666015625
0 0.688888888671875 0.449479166015625 0.678703703125 0.4484375 0.67407407421875 0.443229166015625 0.661111111328125 0.443229166015625 0.6518518515625 0.448958333984375 0.613888888671875 0.450520833984375 0.611111111328125 0.45625 0.612962962890625 0.480729166015625 0.6194444453125 0.4828125 0.637962962890625 0.481770833984375 0.642592591796875 0.480729166015625 0.6444444453125 0.477083333984375 0.6518518515625 0.473958333984375 0.67592592578125 0.473958333984375 0.678703703125 0.468229166015625 0.689814814453125 0.466145833984375 0.688888888671875 0.449479166015625
0 0.509259259765625 0.472916666015625 0.52222222265625 0.4703125 0.5194444453125 0.4515625 0.5055555546875 0.45 0.49907407421875 0.44375 0.484259259765625 0.44375 0.47592592578125 0.452083333984375 0.44907407421875 0.458333333984375 0.436111111328125 0.458854166015625 0.42037037109375 0.463541666015625 0.415740740234375 0.473958333984375 0.417592591796875 0.489583333984375 0.42222222265625 0.5 0.431481482421875 0.500520833984375 0.453703703125 0.497395833984375 0.460185185546875 0.489583333984375 0.47222222265625 0.4875 0.47962962890625 0.48125 0.5018518515625 0.48125 0.5055555546875 0.4796875 0.509259259765625 0.472916666015625
0 0.865740740234375 0.4046875 0.85 0.405208333984375 0.84537037109375 0.407291666015625 0.84537037109375 0.425 0.84907407421875 0.430208333984375 0.867592591796875 0.4296875 0.875 0.426041666015625 0.886111111328125 0.425 0.887962962890625 0.420833333984375 0.89722222265625 0.418229166015625 0.89722222265625 0.406770833984375 0.890740740234375 0.40625 0.885185185546875 0.4015625 0.87222222265625 0.4015625 0.865740740234375 0.4046875
0 0.87037037109375 0.4421875 0.867592591796875 0.4453125 0.8694444453125 0.466666666015625 0.883333333984375 0.466666666015625 0.890740740234375 0.463541666015625 0.906481482421875 0.4609375 0.917592591796875 0.453645833984375 0.917592591796875 0.444270833984375 0.914814814453125 0.4421875 0.9055555546875 0.4375 0.892592591796875 0.4375 0.883333333984375 0.441145833984375 0.87037037109375 0.4421875
0 0.737962962890625 0.384375 0.740740740234375 0.405729166015625 0.74537037109375 0.407291666015625 0.7555555546875 0.407291666015625 0.771296296875 0.403125 0.787962962890625 0.403125 0.792592591796875 0.401041666015625 0.7944444453125 0.397395833984375 0.8055555546875 0.39375 0.8055555546875 0.384895833984375 0.789814814453125 0.375520833984375 0.759259259765625 0.375 0.741666666015625 0.377604166015625 0.737962962890625 0.384375