0 0.756481482421875 0.240104166015625 0.742592591796875 0.240104166015625 0.732407408203125 0.243229166015625 0.714814814453125 0.24375 0.707407408203125 0.245833333984375 0.685185185546875 0.244270833984375 0.6694444453125 0.238020833984375 0.658333333984375 0.236979166015625 0.64537037109375 0.240625 0.64537037109375 0.2453125 0.658333333984375 0.265104166015625 0.660185185546875 0.286979166015625 0.662962962890625 0.289583333984375 0.67222222265625 0.290104166015625 0.687962962890625 0.2875 0.6981481484375 0.283854166015625 0.715740740234375 0.282291666015625 0.731481482421875 0.283854166015625 0.7444444453125 0.288020833984375 0.771296296875 0.288020833984375 0.77592592578125 0.283333333984375 0.77037037109375 0.2765625 0.77222222265625 0.26875 0.767592591796875 0.258333333984375 0.762962962890625 0.2546875 0.762962962890625 0.2453125 0.756481482421875 0.240104166015625
0 0.963888888671875 0.29375 0.953703703125 0.290104166015625 0.942592591796875 0.290104166015625 0.937962962890625 0.292708333984375 0.937962962890625 0.299479166015625 0.9444444453125 0.322916666015625 0.987962962890625 0.322916666015625 0.99722222265625 0.317708333984375 0.9944444453125 0.3015625 0.989814814453125 0.294791666015625 0.978703703125 0.290104166015625 0.97407407421875 0.290104166015625 0.97222222265625 0.292708333984375 0.963888888671875 0.29375
0 0.506481482421875 0.367708333984375 0.513888888671875 0.3578125 0.537962962890625 0.356770833984375 0.5518518515625 0.35 0.553703703125 0.335416666015625 0.542592591796875 0.316666666015625 0.517592591796875 0.300520833984375 0.512962962890625 0.294270833984375 0.506481482421875 0.2921875 0.49722222265625 0.29375 0.47037037109375 0.3078125 0.4694444453125 0.313541666015625 0.47407407421875 0.317708333984375 0.483333333984375 0.319791666015625 0.484259259765625 0.325520833984375 0.460185185546875 0.325 0.44722222265625 0.327604166015625 0.436111111328125 0.3328125 0.4305555546875 0.3390625 0.414814814453125 0.344791666015625 0.386111111328125 0.3625 0.37222222265625 0.360416666015625 0.361111111328125 0.3625 0.34537037109375 0.372916666015625 0.34722222265625 0.377083333984375 0.364814814453125 0.388020833984375 0.37407407421875 0.400520833984375 0.37407407421875 0.406770833984375 0.386111111328125 0.4109375 0.40462962890625 0.424479166015625 0.425 0.423958333984375 0.440740740234375 0.415104166015625 0.439814814453125 0.410416666015625 0.433333333984375 0.40625 0.436111111328125 0.4015625 0.461111111328125 0.391666666015625 0.486111111328125 0.375520833984375 0.506481482421875 0.367708333984375
0 0.411111111328125 0.828125 0.406481482421875 0.825 0.406481482421875 0.815625 0.392592591796875 0.805729166015625 0.392592591796875 0.79375 0.39537037109375 0.790625 0.412037037109375 0.790104166015625 0.4268518515625 0.7875 0.433333333984375 0.780208333984375 0.433333333984375 0.775 0.4305555546875 0.769791666015625 0.42222222265625 0.766666666015625 0.42407407421875 0.7546875 0.416666666015625 0.746875 0.4018518515625 0.744270833984375 0.39722222265625 0.741666666015625 0.39722222265625 0.738020833984375 0.392592591796875 0.7359375 0.37222222265625 0.734895833984375 0.337037037109375 0.744270833984375 0.3268518515625 0.744791666015625 0.32222222265625 0.7515625 0.32222222265625 0.769270833984375 0.312962962890625 0.781770833984375 0.3194444453125 0.791666666015625 0.317592591796875 0.811979166015625 0.314814814453125 0.813541666015625 0.314814814453125 0.8390625 0.3194444453125 0.84375 0.3444444453125 0.846875 0.34537037109375 0.85625 0.35092592578125 0.859895833984375 0.362962962890625 0.860416666015625 0.37037037109375 0.858854166015625 0.378703703125 0.861979166015625 0.381481482421875 0.852083333984375 0.392592591796875 0.8484375 0.39907407421875 0.84375 0.4018518515625 0.8375 0.408333333984375 0.8359375 0.411111111328125 0.833333333984375 0.411111111328125 0.828125
0 0.1055555546875 0.615104166015625 0.109259259765625 0.617708333984375 0.113888888671875 0.617708333984375 0.117592591796875 0.6171875 0.12037037109375 0.6140625 0.114814814453125 0.613020833984375 0.103703703125 0.606770833984375 0.103703703125 0.585416666015625 0.112962962890625 0.566145833984375 0.1231481484375 0.556770833984375 0.14722222265625 0.547916666015625 0.156481482421875 0.534375 0.1694444453125 0.528645833984375 0.17222222265625 0.511458333984375 0.167592591796875 0.50625 0.1694444453125 0.501041666015625 0.186111111328125 0.4890625 0.20277777734375 0.486979166015625 0.212962962890625 0.48125 0.2194444453125 0.4734375 0.217592591796875 0.460416666015625 0.2305555546875 0.441145833984375 0.22777777734375 0.436979166015625 0.178703703125 0.41875 0.1194444453125 0.40625 0.103703703125 0.40625 0.0944444453125 0.413020833984375 0.092592591796875 0.427604166015625 0.078703703125 0.441145833984375 0.075 0.451041666015625 0.086111111328125 0.457291666015625 0.087962962890625 0.4625 0.0944444453125 0.4640625 0.092592591796875 0.471354166015625 0.087962962890625 0.475 0.096296296875 0.4765625 0.09722222265625 0.478645833984375 0.091666666015625 0.481770833984375 0.062962962890625 0.486979166015625 0.04907407421875 0.496875 0.04907407421875 0.519270833984375 0.0444444453125 0.53125 0.04537037109375 0.547916666015625 0.039814814453125 0.5546875 0.028703703125 0.5609375 0.02222222265625 0.5859375 0.017592591796875 0.588020833984375 0.015740740234375 0.592708333984375 0.007407408203125 0.596875 0.003703703125 0.602083333984375 0.0018518515625 0.635416666015625 0.006481482421875 0.638020833984375 0.006481482421875 0.641666666015625 0.010185185546875 0.6421875 0.012962962890625 0.639583333984375 0.0194444453125 0.6390625 0.0268518515625 0.641666666015625 0.037037037109375 0.640104166015625 0.065740740234375 0.644270833984375 0.0768518515625 0.64375 0.0805555546875 0.6421875 0.081481482421875 0.6375 0.0944444453125 0.624479166015625 0.0944444453125 0.621875 0.1018518515625 0.618229166015625 0.1018518515625 0.615625 0.1055555546875 0.615104166015625
0 0.14722222265625 1 0.14907407421875 0.9984375 0.156481482421875 0.9984375 0.158333333984375 1 0.160185185546875 0.9984375 0.162962962890625 0.976041666015625 0.161111111328125 0.960416666015625 0.1555555546875 0.956770833984375 0.133333333984375 0.955729166015625 0.133333333984375 0.908333333984375 0.1481481484375 0.906770833984375 0.156481482421875 0.908333333984375 0.158333333984375 0.9046875 0.162962962890625 0.906770833984375 0.162962962890625 0.904166666015625 0.159259259765625 0.903125 0.167592591796875 0.899479166015625 0.1694444453125 0.894270833984375 0.137037037109375 0.894270833984375 0.133333333984375 0.880729166015625 0.143518517578125 0.878645833984375 0.189814814453125 0.878645833984375 0.1944444453125 0.875520833984375 0.2 0.8609375 0.212037037109375 0.854166666015625 0.212962962890625 0.85 0.203703703125 0.848958333984375 0.2 0.846354166015625 0.206481482421875 0.84375 0.2055555546875 0.831770833984375 0.190740740234375 0.817708333984375 0.19907407421875 0.805208333984375 0.203703703125 0.802604166015625 0.22962962890625 0.800520833984375 0.236111111328125 0.797395833984375 0.237962962890625 0.794270833984375 0.237962962890625 0.7796875 0.233333333984375 0.7734375 0.237962962890625 0.754166666015625 0.236111111328125 0.744791666015625 0.20277777734375 0.742708333984375 0.192592591796875 0.739583333984375 0.162037037109375 0.742708333984375 0.15 0.7421875 0.131481482421875 0.75 0.12407407421875 0.75 0.115740740234375 0.754166666015625 0.103703703125 0.755208333984375 0.09907407421875 0.757291666015625 0.0805555546875 0.8140625 0.081481482421875 0.822916666015625 0.086111111328125 0.828125 0.083333333984375 0.833854166015625 0.086111111328125 0.91875 0.083333333984375 0.936458333984375 0.05462962890625 0.954166666015625 0.0444444453125 0.958333333984375 0.040740740234375 0.9578125 0.035185185546875 0.961979166015625 0.0268518515625 0.963541666015625 0.02222222265625 0.977083333984375 0.02407407421875 0.984895833984375 0.031481482421875 0.989583333984375 0.031481482421875 0.991666666015625 0.0518518515625 0.997916666015625 0.053703703125 1 0.14722222265625 1
0 0.564814814453125 0.640104166015625 0.5694444453125 0.635416666015625 0.5694444453125 0.626041666015625 0.564814814453125 0.624479166015625 0.562962962890625 0.6203125 0.5694444453125 0.6140625 0.592592591796875 0.611979166015625 0.59722222265625 0.606770833984375 0.592592591796875 0.600520833984375 0.592592591796875 0.595833333984375 0.6018518515625 0.5828125 0.6018518515625 0.577604166015625 0.5944444453125 0.5734375 0.589814814453125 0.567708333984375 0.57222222265625 0.558854166015625 0.54907407421875 0.5515625 0.539814814453125 0.552083333984375 0.5305555546875 0.565104166015625 0.5194444453125 0.575 0.517592591796875 0.591145833984375 0.512962962890625 0.5953125 0.511111111328125 0.60625 0.5 0.613020833984375 0.490740740234375 0.625 0.481481482421875 0.643229166015625 0.483333333984375 0.655208333984375 0.4694444453125 0.672395833984375 0.464814814453125 0.675 0.456481482421875 0.673958333984375 0.439814814453125 0.675520833984375 0.431481482421875 0.681770833984375 0.431481482421875 0.6875 0.436111111328125 0.692708333984375 0.4518518515625 0.694270833984375 0.460185185546875 0.697916666015625 0.465740740234375 0.710416666015625 0.4731481484375 0.7140625 0.491666666015625 0.71875 0.49722222265625 0.725 0.506481482421875 0.725 0.52037037109375 0.706770833984375 0.515740740234375 0.683333333984375 0.52592592578125 0.675 0.531481482421875 0.666145833984375 0.553703703125 0.65 0.553703703125 0.644270833984375 0.564814814453125 0.640104166015625
0 0.314814814453125 0.965104166015625 0.32222222265625 0.959375 0.333333333984375 0.957291666015625 0.3268518515625 0.958333333984375 0.32407407421875 0.955208333984375 0.312962962890625 0.955729166015625 0.311111111328125 0.9625 0.314814814453125 0.965104166015625
0 0.411111111328125 0.833854166015625 0.406481482421875 0.8140625 0.392592591796875 0.805208333984375 0.392592591796875 0.794791666015625 0.39537037109375 0.791666666015625 0.4 0.790625 0.414814814453125 0.790104166015625 0.4268518515625 0.7875 0.433333333984375 0.780729166015625 0.431481482421875 0.770833333984375 0.42222222265625 0.766666666015625 0.42222222265625 0.75 0.417592591796875 0.745833333984375 0.409259259765625 0.745833333984375 0.39907407421875 0.743229166015625 0.39722222265625 0.738020833984375 0.387962962890625 0.734895833984375 0.37037037109375 0.734895833984375 0.339814814453125 0.743229166015625 0.3268518515625 0.744791666015625 0.32037037109375 0.758854166015625 0.32222222265625 0.768229166015625 0.312962962890625 0.7796875 0.312962962890625 0.785416666015625 0.3194444453125 0.794270833984375 0.312962962890625 0.816666666015625 0.315740740234375 0.842708333984375 0.32777777734375 0.845833333984375 0.343518517578125 0.846875 0.3444444453125 0.856770833984375 0.35 0.861979166015625 0.3555555546875 0.861979166015625 0.361111111328125 0.865104166015625 0.360185185546875 0.873958333984375 0.362962962890625 0.875520833984375 0.371296296875 0.875 0.378703703125 0.872395833984375 0.378703703125 0.865104166015625 0.383333333984375 0.859895833984375 0.381481482421875 0.856770833984375 0.39907407421875 0.844270833984375 0.4018518515625 0.838541666015625 0.411111111328125 0.833854166015625
0 0.462962962890625 0.540104166015625 0.49537037109375 0.51875 0.5055555546875 0.516666666015625 0.5194444453125 0.510416666015625 0.52407407421875 0.5046875 0.52407407421875 0.494270833984375 0.52777777734375 0.4890625 0.5518518515625 0.486458333984375 0.564814814453125 0.479166666015625 0.561111111328125 0.468229166015625 0.57037037109375 0.4609375 0.5694444453125 0.455208333984375 0.54907407421875 0.441666666015625 0.54907407421875 0.4390625 0.5194444453125 0.420833333984375 0.511111111328125 0.421354166015625 0.49907407421875 0.427604166015625 0.492592591796875 0.436979166015625 0.478703703125 0.445833333984375 0.478703703125 0.450520833984375 0.487962962890625 0.45625 0.49722222265625 0.457291666015625 0.49722222265625 0.461458333984375 0.492592591796875 0.463541666015625 0.486111111328125 0.461458333984375 0.47037037109375 0.465104166015625 0.462962962890625 0.472395833984375 0.453703703125 0.477083333984375 0.4444444453125 0.4921875 0.4305555546875 0.504166666015625 0.42222222265625 0.508333333984375 0.42222222265625 0.511979166015625 0.414814814453125 0.515625 0.414814814453125 0.51875 0.409259259765625 0.523958333984375 0.383333333984375 0.524479166015625 0.37407407421875 0.527083333984375 0.367592591796875 0.532291666015625 0.37037037109375 0.539583333984375 0.386111111328125 0.544270833984375 0.389814814453125 0.55 0.387962962890625 0.559895833984375 0.390740740234375 0.5625 0.4018518515625 0.558854166015625 0.412962962890625 0.5625 0.4268518515625 0.571354166015625 0.431481482421875 0.578125 0.436111111328125 0.580208333984375 0.439814814453125 0.5796875 0.44907407421875 0.575 0.45277777734375 0.575 0.462962962890625 0.56875 0.462962962890625 0.561979166015625 0.456481482421875 0.55625 0.4555555546875 0.549479166015625 0.462962962890625 0.540104166015625
0 0.731481482421875 0.346875 0.728703703125 0.338020833984375 0.714814814453125 0.3203125 0.711111111328125 0.31875 0.687962962890625 0.319270833984375 0.678703703125 0.325 0.6768518515625 0.3296875 0.67222222265625 0.3296875 0.660185185546875 0.335416666015625 0.64537037109375 0.3375 0.636111111328125 0.3421875 0.6194444453125 0.345833333984375 0.617592591796875 0.347916666015625 0.612037037109375 0.3484375 0.603703703125 0.344791666015625 0.59537037109375 0.344791666015625 0.587037037109375 0.3484375 0.586111111328125 0.355208333984375 0.59722222265625 0.363020833984375 0.603703703125 0.3734375 0.611111111328125 0.377083333984375 0.608333333984375 0.3921875 0.615740740234375 0.398958333984375 0.6305555546875 0.3984375 0.642592591796875 0.394270833984375 0.642592591796875 0.384375 0.64722222265625 0.381770833984375 0.69722222265625 0.36875 0.72407407421875 0.3671875 0.7305555546875 0.3640625 0.731481482421875 0.346875