0 0.17407407421875 0.905208333984375 0.1768518515625 0.905729166015625 0.1768518515625 0.903125 0.17407407421875 0.905208333984375
0 0.2 0.8328125 0.2 0.836458333984375 0.2018518515625 0.833854166015625 0.2 0.8328125
0 0.22037037109375 0.867708333984375 0.214814814453125 0.873958333984375 0.2194444453125 0.874479166015625 0.22222222265625 0.871354166015625 0.2194444453125 0.870833333984375 0.22037037109375 0.867708333984375
0 0.2 0.955208333984375 0.113888888671875 0.954166666015625 0.108333333984375 0.907291666015625 0.114814814453125 0.877083333984375 0.12222222265625 0.875520833984375 0.12407407421875 0.872916666015625 0.160185185546875 0.872395833984375 0.160185185546875 0.873958333984375 0.164814814453125 0.875 0.17962962890625 0.874479166015625 0.181481482421875 0.867708333984375 0.186111111328125 0.8671875 0.181481482421875 0.856770833984375 0.186111111328125 0.854166666015625 0.186111111328125 0.846354166015625 0.2018518515625 0.8484375 0.203703703125 0.850520833984375 0.214814814453125 0.850520833984375 0.217592591796875 0.853125 0.221296296875 0.850520833984375 0.238888888671875 0.850520833984375 0.24907407421875 0.8421875 0.2518518515625 0.835416666015625 0.24907407421875 0.831770833984375 0.2518518515625 0.83125 0.256481482421875 0.821875 0.260185185546875 0.822916666015625 0.2694444453125 0.81875 0.2768518515625 0.81875 0.286111111328125 0.821354166015625 0.29722222265625 0.819270833984375 0.32222222265625 0.820833333984375 0.32407407421875 0.7953125 0.328703703125 0.7875 0.335185185546875 0.7875 0.337962962890625 0.7890625 0.339814814453125 0.805729166015625 0.34722222265625 0.80625 0.35092592578125 0.803645833984375 0.353703703125 0.7828125 0.35092592578125 0.763020833984375 0.34722222265625 0.758854166015625 0.340740740234375 0.758854166015625 0.338888888671875 0.776041666015625 0.325 0.775520833984375 0.32037037109375 0.772916666015625 0.3194444453125 0.769270833984375 0.32407407421875 0.7640625 0.3268518515625 0.736979166015625 0.3268518515625 0.691666666015625 0.32222222265625 0.676041666015625 0.27222222265625 0.674479166015625 0.22407407421875 0.675520833984375 0.22037037109375 0.6734375 0.2194444453125 0.6625 0.206481482421875 0.657291666015625 0.203703703125 0.649479166015625 0.211111111328125 0.625 0.211111111328125 0.5953125 0.206481482421875 0.5890625 0.1805555546875 0.583854166015625 0.142592591796875 0.581770833984375 0.008333333984375 0.581770833984375 0.0018518515625 0.585416666015625 0.0018518515625 0.602604166015625 0.0055555546875 0.608854166015625 0.006481482421875 0.623958333984375 0.0018518515625 0.6265625 0.0018518515625 0.728645833984375 0.0055555546875 0.7359375 0.0018518515625 0.738541666015625 0.0018518515625 0.865104166015625 0.0055555546875 0.875 0.0018518515625 0.890104166015625 0.0018518515625 0.9140625 0.0055555546875 0.915625 0.0018518515625 0.9171875 0.0018518515625 0.919791666015625 0.0055555546875 0.920833333984375 0.008333333984375 0.936979166015625 0.0018518515625 0.957291666015625 0.0018518515625 0.988020833984375 0.006481482421875 0.990104166015625 0.039814814453125 0.990104166015625 0.081481482421875 0.9875 0.12407407421875 0.986979166015625 0.1481481484375 0.9828125 0.164814814453125 0.9734375 0.187037037109375 0.970833333984375 0.19907407421875 0.967708333984375 0.2055555546875 0.961458333984375 0.206481482421875 0.956770833984375 0.2 0.955208333984375
0 0.703703703125 0.469791666015625 0.703703703125 0.4734375 0.7055555546875 0.472395833984375 0.703703703125 0.469791666015625
0 0.79537037109375 0.490625 0.79907407421875 0.485416666015625 0.8 0.4765625 0.803703703125 0.473958333984375 0.814814814453125 0.472916666015625 0.817592591796875 0.469270833984375 0.815740740234375 0.451041666015625 0.82592592578125 0.448958333984375 0.87037037109375 0.449479166015625 0.87407407421875 0.447395833984375 0.87407407421875 0.397395833984375 0.8768518515625 0.391666666015625 0.881481482421875 0.3890625 0.889814814453125 0.3890625 0.8944444453125 0.390625 0.8944444453125 0.4015625 0.89907407421875 0.402604166015625 0.9018518515625 0.400520833984375 0.903703703125 0.3734375 0.89907407421875 0.369791666015625 0.89722222265625 0.3703125 0.89722222265625 0.377604166015625 0.892592591796875 0.3828125 0.87962962890625 0.382291666015625 0.875 0.379166666015625 0.8768518515625 0.311458333984375 0.87037037109375 0.309375 0.825 0.3109375 0.8194444453125 0.30625 0.808333333984375 0.3046875 0.8055555546875 0.302604166015625 0.803703703125 0.280208333984375 0.806481482421875 0.274479166015625 0.806481482421875 0.255208333984375 0.8018518515625 0.2515625 0.787962962890625 0.248958333984375 0.756481482421875 0.246875 0.6694444453125 0.246875 0.658333333984375 0.251041666015625 0.658333333984375 0.254166666015625 0.653703703125 0.256770833984375 0.643518517578125 0.259375 0.636111111328125 0.266666666015625 0.636111111328125 0.299479166015625 0.64722222265625 0.307291666015625 0.640740740234375 0.332291666015625 0.640740740234375 0.347916666015625 0.662962962890625 0.358333333984375 0.664814814453125 0.397916666015625 0.661111111328125 0.405208333984375 0.67592592578125 0.411979166015625 0.6768518515625 0.426041666015625 0.684259259765625 0.428645833984375 0.689814814453125 0.436458333984375 0.7 0.4421875 0.706481482421875 0.4328125 0.715740740234375 0.425520833984375 0.733333333984375 0.425520833984375 0.738888888671875 0.423958333984375 0.74722222265625 0.4265625 0.74722222265625 0.45 0.742592591796875 0.4625 0.7444444453125 0.479166666015625 0.740740740234375 0.484895833984375 0.74907407421875 0.4953125 0.765740740234375 0.492708333984375 0.767592591796875 0.49375 0.77222222265625 0.503125 0.767592591796875 0.506770833984375 0.758333333984375 0.5078125 0.75277777734375 0.510416666015625 0.74907407421875 0.509895833984375 0.742592591796875 0.515625 0.739814814453125 0.5234375 0.7481481484375 0.525520833984375 0.763888888671875 0.525 0.7805555546875 0.520833333984375 0.785185185546875 0.518229166015625 0.792592591796875 0.508333333984375 0.79907407421875 0.50625 0.79907407421875 0.499479166015625 0.7944444453125 0.4953125 0.79537037109375 0.490625
0 0.708333333984375 0.45 0.712962962890625 0.454166666015625 0.706481482421875 0.4578125 0.706481482421875 0.4625 0.711111111328125 0.465104166015625 0.717592591796875 0.463541666015625 0.7194444453125 0.456770833984375 0.715740740234375 0.455729166015625 0.714814814453125 0.4515625 0.7305555546875 0.443229166015625 0.7305555546875 0.436979166015625 0.711111111328125 0.4359375 0.708333333984375 0.45
0 0.731481482421875 0.455729166015625 0.7268518515625 0.456770833984375 0.733333333984375 0.457291666015625 0.731481482421875 0.455729166015625
0 0.731481482421875 0.477604166015625 0.735185185546875 0.48125 0.736111111328125 0.4796875 0.731481482421875 0.477604166015625
0 0.6694444453125 0.582291666015625 0.67222222265625 0.576041666015625 0.69722222265625 0.5765625 0.711111111328125 0.579166666015625 0.732407408203125 0.577083333984375 0.737962962890625 0.570833333984375 0.737962962890625 0.526041666015625 0.731481482421875 0.521875 0.739814814453125 0.515104166015625 0.7444444453125 0.5078125 0.74722222265625 0.502083333984375 0.7444444453125 0.496354166015625 0.739814814453125 0.490104166015625 0.728703703125 0.483854166015625 0.713888888671875 0.483854166015625 0.7018518515625 0.480729166015625 0.69907407421875 0.464583333984375 0.690740740234375 0.455208333984375 0.692592591796875 0.44375 0.689814814453125 0.4390625 0.67222222265625 0.431770833984375 0.6694444453125 0.413541666015625 0.656481482421875 0.413020833984375 0.656481482421875 0.4015625 0.660185185546875 0.398958333984375 0.662962962890625 0.386458333984375 0.660185185546875 0.359895833984375 0.653703703125 0.35625 0.628703703125 0.352604166015625 0.586111111328125 0.352083333984375 0.57407407421875 0.350520833984375 0.517592591796875 0.350520833984375 0.4768518515625 0.35625 0.467592591796875 0.3609375 0.467592591796875 0.402604166015625 0.4694444453125 0.405729166015625 0.47592592578125 0.408333333984375 0.4768518515625 0.413020833984375 0.47222222265625 0.4359375 0.47222222265625 0.48125 0.4694444453125 0.494270833984375 0.465740740234375 0.498958333984375 0.4694444453125 0.5296875 0.47222222265625 0.5328125 0.47407407421875 0.60625 0.467592591796875 0.609895833984375 0.464814814453125 0.615625 0.462962962890625 0.65 0.47222222265625 0.655208333984375 0.481481482421875 0.656770833984375 0.5444444453125 0.656770833984375 0.609259259765625 0.654166666015625 0.653703703125 0.643229166015625 0.656481482421875 0.641666666015625 0.656481482421875 0.605208333984375 0.653703703125 0.599479166015625 0.6694444453125 0.595833333984375 0.6694444453125 0.582291666015625
0 0.52222222265625 0.897395833984375 0.514814814453125 0.892708333984375 0.503703703125 0.890104166015625 0.503703703125 0.881770833984375 0.511111111328125 0.868229166015625 0.5194444453125 0.860416666015625 0.5194444453125 0.841145833984375 0.512962962890625 0.821354166015625 0.52222222265625 0.811979166015625 0.52407407421875 0.798958333984375 0.514814814453125 0.790104166015625 0.489814814453125 0.7859375 0.487962962890625 0.766666666015625 0.485185185546875 0.764583333984375 0.460185185546875 0.763541666015625 0.456481482421875 0.764583333984375 0.456481482421875 0.93125 0.462962962890625 0.9375 0.47222222265625 0.9390625 0.4805555546875 0.938020833984375 0.485185185546875 0.921875 0.488888888671875 0.9203125 0.50462962890625 0.920833333984375 0.511111111328125 0.919270833984375 0.5194444453125 0.9125 0.52222222265625 0.90625 0.52222222265625 0.897395833984375