0 0.558333333984375 0.30092592578125 0.559895833984375 0.296296296875 0.560416666015625 0.287037037109375 0.55625 0.287037037109375 0.554166666015625 0.282407408203125 0.5390625 0.282407408203125 0.536979166015625 0.292592591796875 0.5390625 0.30092592578125 0.541666666015625 0.30277777734375 0.558333333984375 0.30092592578125
0 0.626041666015625 0.871296296875 0.647916666015625 0.868518517578125 0.654166666015625 0.8555555546875 0.667708333984375 0.8555555546875 0.686979166015625 0.866666666015625 0.6984375 0.868518517578125 0.711979166015625 0.87777777734375 0.726041666015625 0.87777777734375 0.733333333984375 0.888888888671875 0.7375 0.891666666015625 0.74375 0.891666666015625 0.754166666015625 0.885185185546875 0.769791666015625 0.889814814453125 0.788541666015625 0.887037037109375 0.828645833984375 0.891666666015625 0.8328125 0.888888888671875 0.85 0.888888888671875 0.880729166015625 0.8805555546875 0.879166666015625 0.860185185546875 0.859895833984375 0.8555555546875 0.8578125 0.85277777734375 0.855729166015625 0.832407408203125 0.847916666015625 0.814814814453125 0.84375 0.812037037109375 0.828645833984375 0.812037037109375 0.821354166015625 0.82037037109375 0.817708333984375 0.8305555546875 0.8046875 0.82962962890625 0.793229166015625 0.812037037109375 0.788541666015625 0.810185185546875 0.7859375 0.8055555546875 0.788541666015625 0.791666666015625 0.783333333984375 0.791666666015625 0.7796875 0.80092592578125 0.7671875 0.80092592578125 0.761979166015625 0.792592591796875 0.7625 0.7805555546875 0.7375 0.7805555546875 0.7359375 0.77777777734375 0.7359375 0.763888888671875 0.73125 0.757407408203125 0.733333333984375 0.75092592578125 0.73125 0.746296296875 0.719791666015625 0.7481481484375 0.715625 0.75462962890625 0.69375 0.7481481484375 0.6328125 0.75092592578125 0.6234375 0.757407408203125 0.625 0.782407408203125 0.628125 0.79537037109375 0.6203125 0.80092592578125 0.6140625 0.816666666015625 0.613541666015625 0.840740740234375 0.615104166015625 0.85277777734375 0.619270833984375 0.864814814453125 0.626041666015625 0.871296296875
0 0.475520833984375 0.360185185546875 0.463020833984375 0.362037037109375 0.460416666015625 0.368518517578125 0.45625 0.3694444453125 0.4546875 0.3731481484375 0.455208333984375 0.388888888671875 0.4859375 0.387037037109375 0.485416666015625 0.3731481484375 0.475520833984375 0.360185185546875
0 0.4859375 0.4305555546875 0.4828125 0.42962962890625 0.480729166015625 0.421296296875 0.474479166015625 0.416666666015625 0.4703125 0.416666666015625 0.46875 0.413888888671875 0.458854166015625 0.416666666015625 0.449479166015625 0.4305555546875 0.445833333984375 0.4305555546875 0.441666666015625 0.435185185546875 0.441666666015625 0.460185185546875 0.491145833984375 0.459259259765625 0.491145833984375 0.438888888671875 0.4859375 0.4305555546875
0 0.5390625 0.338888888671875 0.5390625 0.318518517578125 0.536458333984375 0.314814814453125 0.520833333984375 0.314814814453125 0.517708333984375 0.316666666015625 0.516666666015625 0.32962962890625 0.513541666015625 0.332407408203125 0.513020833984375 0.341666666015625 0.514583333984375 0.343518517578125 0.5375 0.343518517578125 0.5390625 0.338888888671875
0 0.5296875 0.285185185546875 0.5265625 0.284259259765625 0.51875 0.285185185546875 0.515104166015625 0.289814814453125 0.514583333984375 0.30277777734375 0.531770833984375 0.30092592578125 0.534375 0.293518517578125 0.5296875 0.285185185546875
0 0.395833333984375 0.5555555546875 0.451041666015625 0.557407408203125 0.454166666015625 0.55 0.4546875 0.532407408203125 0.452604166015625 0.516666666015625 0.439583333984375 0.512037037109375 0.436979166015625 0.4944444453125 0.427604166015625 0.493518517578125 0.422916666015625 0.488888888671875 0.4171875 0.488888888671875 0.413020833984375 0.493518517578125 0.403125 0.496296296875 0.4015625 0.50092592578125 0.403645833984375 0.506481482421875 0.402604166015625 0.510185185546875 0.3921875 0.516666666015625 0.3875 0.516666666015625 0.384375 0.52777777734375 0.383333333984375 0.55 0.385416666015625 0.557407408203125 0.3890625 0.559259259765625 0.395833333984375 0.5555555546875
0 0.556640625 0.298828125 0.0009765625 0.001953125
0 0.546875 0.285185185546875 0.554166666015625 0.288888888671875 0.55625 0.293518517578125 0.560416666015625 0.293518517578125 0.5625 0.288888888671875 0.561458333984375 0.282407408203125 0.5578125 0.27777777734375 0.541145833984375 0.27777777734375 0.5359375 0.282407408203125 0.535416666015625 0.288888888671875 0.5375 0.293518517578125 0.540625 0.293518517578125 0.546875 0.285185185546875
0 0.533333333984375 0.384259259765625 0.535416666015625 0.3805555546875 0.534895833984375 0.368518517578125 0.525520833984375 0.357407408203125 0.521354166015625 0.3555555546875 0.511979166015625 0.357407408203125 0.508854166015625 0.365740740234375 0.504166666015625 0.368518517578125 0.503645833984375 0.383333333984375 0.505208333984375 0.385185185546875 0.520833333984375 0.382407408203125 0.533333333984375 0.384259259765625
0 0.543229166015625 0.316666666015625 0.544791666015625 0.313888888671875 0.544270833984375 0.30277777734375 0.5375 0.2981481484375 0.527083333984375 0.30092592578125 0.522916666015625 0.308333333984375 0.522395833984375 0.313888888671875 0.5359375 0.313888888671875 0.538020833984375 0.316666666015625 0.543229166015625 0.316666666015625