0 0.39537037109375 0.520833333984375 0.392592591796875 0.5328125 0.378703703125 0.545833333984375 0.37407407421875 0.554166666015625 0.367592591796875 0.556770833984375 0.3768518515625 0.567708333984375 0.385185185546875 0.570833333984375 0.392592591796875 0.56875 0.392592591796875 0.559895833984375 0.39907407421875 0.555729166015625 0.414814814453125 0.5375 0.415740740234375 0.528645833984375 0.411111111328125 0.520833333984375 0.406481482421875 0.518229166015625 0.39537037109375 0.520833333984375
0 0.74537037109375 0.372916666015625 0.74907407421875 0.374479166015625 0.760185185546875 0.3734375 0.77962962890625 0.3671875 0.786111111328125 0.3625 0.786111111328125 0.357291666015625 0.7805555546875 0.353645833984375 0.7731481484375 0.353125 0.763888888671875 0.355729166015625 0.74722222265625 0.357291666015625 0.7444444453125 0.360416666015625 0.74537037109375 0.372916666015625
0 0.2768518515625 0.8046875 0.27407407421875 0.811458333984375 0.287962962890625 0.81875 0.303703703125 0.817708333984375 0.3018518515625 0.800520833984375 0.3055555546875 0.76875 0.30092592578125 0.7609375 0.2768518515625 0.7609375 0.2768518515625 0.774479166015625 0.2805555546875 0.7796875 0.2768518515625 0.7859375 0.2768518515625 0.8046875
0 0.631481482421875 0.394270833984375 0.6555555546875 0.39375 0.661111111328125 0.384895833984375 0.661111111328125 0.38125 0.656481482421875 0.3765625 0.646296296875 0.376041666015625 0.635185185546875 0.378645833984375 0.615740740234375 0.3796875 0.615740740234375 0.3953125 0.62037037109375 0.397395833984375 0.631481482421875 0.394270833984375
0 0.366666666015625 0.503645833984375 0.362962962890625 0.505208333984375 0.362962962890625 0.5171875 0.34907407421875 0.525 0.342592591796875 0.5375 0.336111111328125 0.541666666015625 0.34537037109375 0.552604166015625 0.3518518515625 0.555729166015625 0.360185185546875 0.5546875 0.358333333984375 0.545833333984375 0.3694444453125 0.536458333984375 0.37407407421875 0.5265625 0.383333333984375 0.5234375 0.383333333984375 0.513541666015625 0.37222222265625 0.504166666015625 0.366666666015625 0.503645833984375
0 0.689814814453125 0.381770833984375 0.683333333984375 0.383854166015625 0.678703703125 0.390104166015625 0.678703703125 0.397916666015625 0.683333333984375 0.4015625 0.696296296875 0.3984375 0.714814814453125 0.397395833984375 0.7194444453125 0.39375 0.72222222265625 0.386979166015625 0.72222222265625 0.380729166015625 0.718518517578125 0.378645833984375 0.714814814453125 0.377604166015625 0.706481482421875 0.38125 0.689814814453125 0.381770833984375
0 0.439814814453125 0.427604166015625 0.433333333984375 0.427083333984375 0.4268518515625 0.436979166015625 0.42037037109375 0.438541666015625 0.408333333984375 0.4453125 0.406481482421875 0.4484375 0.39537037109375 0.452083333984375 0.406481482421875 0.46875 0.414814814453125 0.46875 0.4231481484375 0.456770833984375 0.4305555546875 0.45625 0.440740740234375 0.449479166015625 0.44722222265625 0.447916666015625 0.44907407421875 0.434895833984375 0.44722222265625 0.432291666015625 0.440740740234375 0.430208333984375 0.439814814453125 0.427604166015625
0 0.256481482421875 0.709895833984375 0.2694444453125 0.714583333984375 0.283333333984375 0.713541666015625 0.2805555546875 0.7015625 0.286111111328125 0.6921875 0.287962962890625 0.659895833984375 0.27777777734375 0.655729166015625 0.265740740234375 0.65625 0.262962962890625 0.6609375 0.262962962890625 0.680208333984375 0.256481482421875 0.703645833984375 0.256481482421875 0.709895833984375
0 0.506481482421875 0.438541666015625 0.503703703125 0.44375 0.487962962890625 0.453645833984375 0.4768518515625 0.456770833984375 0.47222222265625 0.459895833984375 0.478703703125 0.475520833984375 0.487962962890625 0.475520833984375 0.490740740234375 0.473958333984375 0.490740740234375 0.46875 0.510185185546875 0.463020833984375 0.52407407421875 0.455208333984375 0.52407407421875 0.4484375 0.5194444453125 0.4390625 0.517592591796875 0.436979166015625 0.506481482421875 0.438541666015625
0 0.467592591796875 0.4125 0.47222222265625 0.425520833984375 0.4768518515625 0.430208333984375 0.481481482421875 0.430208333984375 0.486111111328125 0.427604166015625 0.488888888671875 0.421875 0.5194444453125 0.413020833984375 0.5194444453125 0.403645833984375 0.514814814453125 0.394270833984375 0.506481482421875 0.39375 0.5018518515625 0.396354166015625 0.50092592578125 0.400520833984375 0.467592591796875 0.4125
0 0.3694444453125 0.577604166015625 0.3694444453125 0.597395833984375 0.365740740234375 0.6015625 0.364814814453125 0.6171875 0.361111111328125 0.622395833984375 0.361111111328125 0.628125 0.367592591796875 0.63125 0.378703703125 0.633333333984375 0.387962962890625 0.632291666015625 0.387962962890625 0.595833333984375 0.3944444453125 0.593229166015625 0.392592591796875 0.582291666015625 0.385185185546875 0.577083333984375 0.37407407421875 0.576041666015625 0.3694444453125 0.577604166015625
0 0.228703703125 0.760416666015625 0.2268518515625 0.768229166015625 0.231481482421875 0.772395833984375 0.24907407421875 0.772916666015625 0.2518518515625 0.771354166015625 0.2518518515625 0.761458333984375 0.24907407421875 0.759375 0.228703703125 0.760416666015625
0 0.2444444453125 0.821875 0.2518518515625 0.819791666015625 0.253703703125 0.7984375 0.231481482421875 0.7984375 0.22407407421875 0.8 0.22407407421875 0.820833333984375 0.2444444453125 0.821875
0 0.564814814453125 0.2234375 0.558333333984375 0.225 0.558333333984375 0.23125 0.564814814453125 0.24375 0.5768518515625 0.2421875 0.5768518515625 0.2375 0.5805555546875 0.234895833984375 0.5944444453125 0.23125 0.603703703125 0.2265625 0.6055555546875 0.21875 0.59907407421875 0.20625 0.591666666015625 0.205729166015625 0.586111111328125 0.2125 0.564814814453125 0.2234375
0 0.314814814453125 0.5828125 0.3194444453125 0.580208333984375 0.3194444453125 0.5703125 0.312962962890625 0.563541666015625 0.3055555546875 0.560416666015625 0.29722222265625 0.560416666015625 0.29537037109375 0.5625 0.292592591796875 0.56875 0.29537037109375 0.579166666015625 0.289814814453125 0.583854166015625 0.286111111328125 0.5984375 0.2768518515625 0.605729166015625 0.2768518515625 0.608333333984375 0.287962962890625 0.6140625 0.287962962890625 0.616145833984375 0.29907407421875 0.61875 0.303703703125 0.618229166015625 0.303703703125 0.60625 0.312962962890625 0.592708333984375 0.314814814453125 0.5828125
0 0.443518517578125 0.478125 0.433333333984375 0.4828125 0.42777777734375 0.489583333984375 0.417592591796875 0.49375 0.42222222265625 0.50625 0.4305555546875 0.5109375 0.437962962890625 0.508333333984375 0.437962962890625 0.501041666015625 0.464814814453125 0.486979166015625 0.465740740234375 0.476041666015625 0.460185185546875 0.467708333984375 0.456481482421875 0.465625 0.45277777734375 0.466145833984375 0.443518517578125 0.478125
0 0.362962962890625 0.4796875 0.356481482421875 0.472916666015625 0.35277777734375 0.472395833984375 0.34907407421875 0.474479166015625 0.3444444453125 0.480729166015625 0.34537037109375 0.488020833984375 0.336111111328125 0.49375 0.331481482421875 0.503645833984375 0.32037037109375 0.510416666015625 0.3268518515625 0.51875 0.339814814453125 0.525 0.34722222265625 0.5234375 0.3444444453125 0.515104166015625 0.35092592578125 0.511458333984375 0.361111111328125 0.4984375 0.3694444453125 0.4921875 0.37037037109375 0.483333333984375 0.362962962890625 0.4796875
0 0.314814814453125 0.719791666015625 0.310185185546875 0.726041666015625 0.311111111328125 0.7296875 0.3194444453125 0.734375 0.3268518515625 0.735416666015625 0.336111111328125 0.734895833984375 0.337962962890625 0.7328125 0.336111111328125 0.722395833984375 0.339814814453125 0.714583333984375 0.339814814453125 0.6796875 0.332407408203125 0.675520833984375 0.318518517578125 0.675 0.314814814453125 0.6765625 0.314814814453125 0.719791666015625
0 0.34722222265625 0.624479166015625 0.34907407421875 0.61875 0.3444444453125 0.608333333984375 0.338888888671875 0.607291666015625 0.325 0.60625 0.32222222265625 0.608333333984375 0.32037037109375 0.61875 0.3268518515625 0.6234375 0.32037037109375 0.631770833984375 0.3194444453125 0.643229166015625 0.317592591796875 0.649479166015625 0.312962962890625 0.652604166015625 0.312962962890625 0.657291666015625 0.32407407421875 0.6625 0.339814814453125 0.665625 0.342592591796875 0.663541666015625 0.342592591796875 0.644270833984375 0.34722222265625 0.635416666015625 0.3444444453125 0.625520833984375 0.34722222265625 0.624479166015625
0 0.54907407421875 0.414583333984375 0.5444444453125 0.4171875 0.54722222265625 0.431770833984375 0.5518518515625 0.435416666015625 0.558333333984375 0.434375 0.564814814453125 0.4296875 0.57407407421875 0.4265625 0.592592591796875 0.4234375 0.592592591796875 0.4046875 0.589814814453125 0.403125 0.583333333984375 0.403645833984375 0.57222222265625 0.409895833984375 0.54907407421875 0.414583333984375
0 0.289814814453125 0.688020833984375 0.287962962890625 0.719791666015625 0.29722222265625 0.724479166015625 0.3055555546875 0.724479166015625 0.310185185546875 0.7203125 0.312962962890625 0.7078125 0.311111111328125 0.668229166015625 0.3018518515625 0.664583333984375 0.29722222265625 0.664583333984375 0.289814814453125 0.668229166015625 0.292592591796875 0.683854166015625 0.289814814453125 0.688020833984375