0 1 0.651041666015625 0.989814814453125 0.649479166015625 0.981481482421875 0.644791666015625 0.965740740234375 0.641666666015625 0.94537037109375 0.6296875 0.94722222265625 0.622916666015625 0.941666666015625 0.618229166015625 0.9305555546875 0.616666666015625 0.92037037109375 0.616666666015625 0.915740740234375 0.618229166015625 0.908333333984375 0.636458333984375 0.910185185546875 0.640104166015625 0.903703703125 0.650520833984375 0.8944444453125 0.656770833984375 0.89537037109375 0.6609375 0.908333333984375 0.666145833984375 0.9231481484375 0.6671875 0.931481482421875 0.669791666015625 0.956481482421875 0.683854166015625 0.964814814453125 0.691666666015625 0.981481482421875 0.698958333984375 0.986111111328125 0.698958333984375 0.989814814453125 0.697395833984375 1 0.683854166015625 1 0.651041666015625
0 0.2694444453125 0.605729166015625 0.27407407421875 0.608333333984375 0.281481482421875 0.616145833984375 0.289814814453125 0.6203125 0.311111111328125 0.64375 0.32037037109375 0.6484375 0.331481482421875 0.65 0.331481482421875 0.655208333984375 0.337962962890625 0.665625 0.3518518515625 0.671875 0.360185185546875 0.672395833984375 0.37037037109375 0.676041666015625 0.3768518515625 0.685416666015625 0.364814814453125 0.694270833984375 0.365740740234375 0.699479166015625 0.4018518515625 0.721875 0.410185185546875 0.7234375 0.437962962890625 0.711979166015625 0.44722222265625 0.709895833984375 0.47037037109375 0.698958333984375 0.481481482421875 0.688541666015625 0.4944444453125 0.680729166015625 0.4944444453125 0.675 0.481481482421875 0.666145833984375 0.4805555546875 0.65625 0.468518517578125 0.649479166015625 0.456481482421875 0.646354166015625 0.45 0.647395833984375 0.443518517578125 0.645833333984375 0.437962962890625 0.645833333984375 0.433333333984375 0.649479166015625 0.431481482421875 0.6484375 0.431481482421875 0.634375 0.42407407421875 0.622395833984375 0.417592591796875 0.619270833984375 0.406481482421875 0.617708333984375 0.383333333984375 0.603645833984375 0.378703703125 0.5953125 0.3518518515625 0.577083333984375 0.34907407421875 0.5703125 0.358333333984375 0.565625 0.361111111328125 0.558854166015625 0.353703703125 0.55 0.342592591796875 0.543229166015625 0.32777777734375 0.543229166015625 0.312962962890625 0.545833333984375 0.308333333984375 0.549479166015625 0.285185185546875 0.5578125 0.27222222265625 0.555729166015625 0.27222222265625 0.561979166015625 0.267592591796875 0.5671875 0.24907407421875 0.574479166015625 0.24907407421875 0.581770833984375 0.236111111328125 0.594270833984375 0.236111111328125 0.596875 0.24537037109375 0.605208333984375 0.253703703125 0.607291666015625 0.2694444453125 0.605729166015625
0 0.3805555546875 0.282291666015625 0.387962962890625 0.284895833984375 0.3981481484375 0.285416666015625 0.4018518515625 0.2875 0.4018518515625 0.3046875 0.42222222265625 0.339583333984375 0.4305555546875 0.344791666015625 0.428703703125 0.359895833984375 0.433333333984375 0.366145833984375 0.439814814453125 0.369270833984375 0.442592591796875 0.373958333984375 0.4694444453125 0.386979166015625 0.47407407421875 0.3921875 0.47407407421875 0.396354166015625 0.467592591796875 0.4 0.45462962890625 0.401041666015625 0.44537037109375 0.404166666015625 0.44537037109375 0.411458333984375 0.456481482421875 0.424479166015625 0.456481482421875 0.432291666015625 0.461111111328125 0.441666666015625 0.465740740234375 0.4453125 0.47407407421875 0.447395833984375 0.50277777734375 0.443229166015625 0.517592591796875 0.442708333984375 0.52407407421875 0.439583333984375 0.542592591796875 0.435416666015625 0.546296296875 0.4328125 0.561111111328125 0.4296875 0.564814814453125 0.427604166015625 0.564814814453125 0.423958333984375 0.561111111328125 0.4125 0.553703703125 0.407291666015625 0.562962962890625 0.394791666015625 0.560185185546875 0.388020833984375 0.5518518515625 0.3828125 0.546296296875 0.382291666015625 0.5231481484375 0.384895833984375 0.5194444453125 0.383333333984375 0.514814814453125 0.376041666015625 0.512962962890625 0.365104166015625 0.52407407421875 0.355729166015625 0.52592592578125 0.341666666015625 0.506481482421875 0.3296875 0.492592591796875 0.315104166015625 0.4768518515625 0.28125 0.484259259765625 0.275520833984375 0.492592591796875 0.273958333984375 0.4944444453125 0.261979166015625 0.492592591796875 0.257291666015625 0.4768518515625 0.251041666015625 0.4768518515625 0.2453125 0.47222222265625 0.238541666015625 0.464814814453125 0.235416666015625 0.45 0.238020833984375 0.437962962890625 0.234375 0.4305555546875 0.235416666015625 0.4268518515625 0.233333333984375 0.415740740234375 0.2328125 0.408333333984375 0.2421875 0.411111111328125 0.248958333984375 0.408333333984375 0.2609375 0.39907407421875 0.263541666015625 0.384259259765625 0.2625 0.3768518515625 0.2640625 0.37407407421875 0.267708333984375 0.37407407421875 0.276041666015625 0.3805555546875 0.282291666015625
0 0.203703703125 0.035416666015625 0.203703703125 0.031770833984375 0.19907407421875 0.03125 0.2018518515625 0.0359375 0.2 0.0375 0.203703703125 0.035416666015625
0 0.211111111328125 0.118229166015625 0.211111111328125 0.1203125 0.214814814453125 0.119270833984375 0.215740740234375 0.116145833984375 0.211111111328125 0.118229166015625
0 0.220703125 0.0302734375 0.00390625 0.001953125
0 0.22407407421875 0.0328125 0.22592592578125 0.031770833984375 0.22407407421875 0.03125 0.22407407421875 0.0328125
0 0.2518518515625 0.038541666015625 0.2268518515625 0.034375 0.2268518515625 0.0375 0.2194444453125 0.043229166015625 0.235185185546875 0.0453125 0.265740740234375 0.044791666015625 0.2694444453125 0.043229166015625 0.2518518515625 0.038541666015625
0 0.314814814453125 0.215625 0.317592591796875 0.213020833984375 0.314814814453125 0.211979166015625 0.314814814453125 0.215625
0 0.237962962890625 0.144791666015625 0.236111111328125 0.0515625 0.233333333984375 0.053645833984375 0.236111111328125 0.054199478515625 0.236111111328125 0.0568359375 0.22777777734375 0.058854166015625 0.2268518515625 0.0640625 0.22037037109375 0.066666666015625 0.218518517578125 0.072395833984375 0.214814814453125 0.070833333984375 0.212962962890625 0.072395833984375 0.212962962890625 0.093229166015625 0.208333333984375 0.105729166015625 0.2194444453125 0.107291666015625 0.22037037109375 0.122916666015625 0.215740740234375 0.127604166015625 0.212962962890625 0.127604166015625 0.210185185546875 0.15 0.206481482421875 0.156770833984375 0.2 0.161458333984375 0.19907407421875 0.172395833984375 0.208333333984375 0.1796875 0.22592592578125 0.182291666015625 0.236111111328125 0.1890625 0.239814814453125 0.197916666015625 0.236111111328125 0.199479166015625 0.235185185546875 0.203645833984375 0.239814814453125 0.2078125 0.240740740234375 0.219791666015625 0.236111111328125 0.224479166015625 0.2268518515625 0.2265625 0.22592592578125 0.2375 0.203703703125 0.2390625 0.210185185546875 0.241145833984375 0.2018518515625 0.24375 0.2018518515625 0.263541666015625 0.208333333984375 0.279166666015625 0.217592591796875 0.28125 0.256481482421875 0.283854166015625 0.264814814453125 0.286458333984375 0.2944444453125 0.2859375 0.311111111328125 0.281770833984375 0.3194444453125 0.2828125 0.336111111328125 0.2796875 0.333333333984375 0.2609375 0.328703703125 0.254166666015625 0.339814814453125 0.246875 0.339814814453125 0.2359375 0.336111111328125 0.2328125 0.32222222265625 0.232291666015625 0.314814814453125 0.227604166015625 0.309259259765625 0.226041666015625 0.303703703125 0.227083333984375 0.29722222265625 0.224479166015625 0.2944444453125 0.219270833984375 0.303703703125 0.216666666015625 0.303703703125 0.210416666015625 0.3018518515625 0.2078125 0.29722222265625 0.2078125 0.289814814453125 0.200520833984375 0.292592591796875 0.193229166015625 0.3018518515625 0.1875 0.311111111328125 0.1859375 0.317592591796875 0.179166666015625 0.317592591796875 0.174479166015625 0.306481482421875 0.1640625 0.3055555546875 0.157291666015625 0.290740740234375 0.153645833984375 0.283333333984375 0.15 0.2768518515625 0.136979166015625 0.278703703125 0.125 0.27037037109375 0.121354166015625 0.262962962890625 0.1203125 0.261111111328125 0.122395833984375 0.260185185546875 0.1421875 0.256481482421875 0.14375 0.24722222265625 0.143229166015625 0.24537037109375 0.1484375 0.237962962890625 0.144791666015625
0 0.30092592578125 0.1953125 0.3055555546875 0.198958333984375 0.312962962890625 0.200520833984375 0.32222222265625 0.211979166015625 0.337037037109375 0.213541666015625 0.362962962890625 0.222395833984375 0.387962962890625 0.227604166015625 0.410185185546875 0.227083333984375 0.433333333984375 0.2296875 0.442592591796875 0.227083333984375 0.44722222265625 0.2203125 0.44722222265625 0.209895833984375 0.453703703125 0.204166666015625 0.456481482421875 0.197395833984375 0.456481482421875 0.18125 0.4518518515625 0.176041666015625 0.44722222265625 0.175 0.411111111328125 0.171875 0.414814814453125 0.144791666015625 0.417592591796875 0.141666666015625 0.4268518515625 0.138020833984375 0.42407407421875 0.1265625 0.414814814453125 0.122916666015625 0.3981481484375 0.122395833984375 0.378703703125 0.127083333984375 0.3768518515625 0.1359375 0.37222222265625 0.139583333984375 0.367592591796875 0.148958333984375 0.367592591796875 0.1515625 0.37222222265625 0.154166666015625 0.356481482421875 0.157291666015625 0.333333333984375 0.157291666015625 0.3194444453125 0.1703125 0.32037037109375 0.180208333984375 0.317592591796875 0.184895833984375 0.306481482421875 0.189583333984375 0.30092592578125 0.1953125
0 1 0.715104166015625 0.989814814453125 0.7140625 0.9518518515625 0.704166666015625 0.94722222265625 0.694270833984375 0.937962962890625 0.691145833984375 0.92222222265625 0.689583333984375 0.914814814453125 0.6921875 0.912962962890625 0.704166666015625 0.908333333984375 0.710416666015625 0.908333333984375 0.71875 0.8944444453125 0.730208333984375 0.8944444453125 0.734375 0.9 0.7375 0.918518517578125 0.738541666015625 0.9444444453125 0.744270833984375 0.957407408203125 0.7453125 0.967592591796875 0.75 0.97037037109375 0.7546875 0.987962962890625 0.755729166015625 0.9944444453125 0.753125 0.9944444453125 0.751041666015625 1 0.747916666015625 1 0.715104166015625
0 0.767592591796875 0.552604166015625 0.8 0.563541666015625 0.8018518515625 0.567708333984375 0.787962962890625 0.576041666015625 0.787962962890625 0.58125 0.79722222265625 0.588541666015625 0.803703703125 0.597395833984375 0.811111111328125 0.6015625 0.815740740234375 0.6015625 0.8444444453125 0.586979166015625 0.8518518515625 0.569791666015625 0.860185185546875 0.5640625 0.862962962890625 0.55 0.8555555546875 0.54375 0.835185185546875 0.54375 0.831481482421875 0.5421875 0.8305555546875 0.53125 0.833333333984375 0.525520833984375 0.82592592578125 0.520833333984375 0.811111111328125 0.516145833984375 0.803703703125 0.508333333984375 0.796296296875 0.505729166015625 0.787962962890625 0.499479166015625 0.781481482421875 0.4859375 0.792592591796875 0.478645833984375 0.7944444453125 0.472395833984375 0.791666666015625 0.46875 0.778703703125 0.4625 0.767592591796875 0.4625 0.753703703125 0.4734375 0.743518517578125 0.475520833984375 0.7305555546875 0.485416666015625 0.718518517578125 0.4890625 0.711111111328125 0.494270833984375 0.710185185546875 0.502604166015625 0.711111111328125 0.505729166015625 0.72037037109375 0.511979166015625 0.7305555546875 0.5125 0.737962962890625 0.517708333984375 0.740740740234375 0.5234375 0.767592591796875 0.552604166015625