0 0.585416666015625 0.516666666015625 0.5875 0.512037037109375 0.655208333984375 0.513888888671875 0.663020833984375 0.510185185546875 0.696875 0.510185185546875 0.698958333984375 0.513888888671875 0.721875 0.513888888671875 0.724479166015625 0.512037037109375 0.726041666015625 0.5055555546875 0.730729166015625 0.4694444453125 0.728645833984375 0.410185185546875 0.724479166015625 0.3981481484375 0.719270833984375 0.396296296875 0.6875 0.396296296875 0.679166666015625 0.40277777734375 0.675520833984375 0.40277777734375 0.671875 0.396296296875 0.671875 0.389814814453125 0.668229166015625 0.3805555546875 0.6640625 0.3805555546875 0.658333333984375 0.37592592578125 0.6546875 0.362037037109375 0.643229166015625 0.34907407421875 0.641145833984375 0.35462962890625 0.638020833984375 0.356481482421875 0.634895833984375 0.368518517578125 0.6296875 0.3731481484375 0.608333333984375 0.371296296875 0.60625 0.37592592578125 0.607291666015625 0.384259259765625 0.605729166015625 0.40092592578125 0.59375 0.3981481484375 0.589583333984375 0.40092592578125 0.574479166015625 0.40092592578125 0.570833333984375 0.40462962890625 0.56875 0.417592591796875 0.5609375 0.42777777734375 0.5578125 0.47037037109375 0.556770833984375 0.509259259765625 0.563541666015625 0.518518517578125 0.58125 0.518518517578125 0.585416666015625 0.516666666015625
0 0.386979166015625 0.210185185546875 0.4 0.2055555546875 0.422395833984375 0.2055555546875 0.427604166015625 0.196296296875 0.438541666015625 0.196296296875 0.448958333984375 0.191666666015625 0.449479166015625 0.182407408203125 0.452083333984375 0.17407407421875 0.4625 0.157407408203125 0.4625 0.1481481484375 0.451041666015625 0.12592592578125 0.449479166015625 0.114814814453125 0.440104166015625 0.113888888671875 0.43125 0.1055555546875 0.424479166015625 0.1055555546875 0.417708333984375 0.114814814453125 0.4015625 0.116666666015625 0.3984375 0.121296296875 0.39375 0.141666666015625 0.377604166015625 0.146296296875 0.375520833984375 0.1518518515625 0.375 0.178703703125 0.3765625 0.196296296875 0.3796875 0.20277777734375 0.386979166015625 0.210185185546875
0 0.391145833984375 0.50277777734375 0.39375 0.496296296875 0.4046875 0.493518517578125 0.4046875 0.489814814453125 0.411458333984375 0.4731481484375 0.4109375 0.466666666015625 0.407291666015625 0.462037037109375 0.409895833984375 0.457407408203125 0.427604166015625 0.458333333984375 0.430208333984375 0.462037037109375 0.428645833984375 0.4731481484375 0.43125 0.47592592578125 0.431770833984375 0.4805555546875 0.447395833984375 0.485185185546875 0.452604166015625 0.50092592578125 0.4625 0.4981481484375 0.4796875 0.50092592578125 0.48125 0.4981481484375 0.488541666015625 0.496296296875 0.49375 0.496296296875 0.5 0.50092592578125 0.523958333984375 0.50092592578125 0.528645833984375 0.489814814453125 0.53125 0.47407407421875 0.538541666015625 0.4731481484375 0.5421875 0.463888888671875 0.543229166015625 0.45462962890625 0.541145833984375 0.396296296875 0.5375 0.385185185546875 0.528645833984375 0.382407408203125 0.5078125 0.384259259765625 0.50625 0.37962962890625 0.505729166015625 0.35092592578125 0.5015625 0.3444444453125 0.469270833984375 0.343518517578125 0.465625 0.346296296875 0.459895833984375 0.334259259765625 0.449479166015625 0.332407408203125 0.443229166015625 0.343518517578125 0.425 0.3444444453125 0.422395833984375 0.3481481484375 0.420833333984375 0.366666666015625 0.422916666015625 0.384259259765625 0.421354166015625 0.387962962890625 0.389583333984375 0.388888888671875 0.386458333984375 0.392592591796875 0.381770833984375 0.412037037109375 0.369270833984375 0.413888888671875 0.365104166015625 0.425 0.363020833984375 0.456481482421875 0.3625 0.4981481484375 0.369270833984375 0.507407408203125 0.383333333984375 0.507407408203125 0.391145833984375 0.50277777734375
0 0.649479166015625 0.134259259765625 0.658333333984375 0.132407408203125 0.665104166015625 0.135185185546875 0.6703125 0.1444444453125 0.675 0.166666666015625 0.683854166015625 0.163888888671875 0.683854166015625 0.153703703125 0.686458333984375 0.15092592578125 0.69375 0.15092592578125 0.696875 0.153703703125 0.6921875 0.163888888671875 0.694791666015625 0.160185185546875 0.695833333984375 0.164814814453125 0.702083333984375 0.168518517578125 0.7125 0.168518517578125 0.7140625 0.163888888671875 0.716145833984375 0.138888888671875 0.713020833984375 0.116666666015625 0.692708333984375 0.10277777734375 0.688541666015625 0.10277777734375 0.684895833984375 0.107407408203125 0.681770833984375 0.10277777734375 0.680729166015625 0.0805555546875 0.6703125 0.07962962890625 0.664583333984375 0.0731481484375 0.657291666015625 0.0731481484375 0.655208333984375 0.0805555546875 0.638541666015625 0.0805555546875 0.631770833984375 0.083333333984375 0.63125 0.093518517578125 0.635416666015625 0.1055555546875 0.636458333984375 0.1268518515625 0.649479166015625 0.134259259765625
0 0.509895833984375 0.162037037109375 0.511458333984375 0.166666666015625 0.511979166015625 0.1944444453125 0.523958333984375 0.191666666015625 0.5359375 0.193518517578125 0.5375 0.196296296875 0.5390625 0.2231481484375 0.542708333984375 0.2305555546875 0.557291666015625 0.232407408203125 0.560416666015625 0.22962962890625 0.5625 0.214814814453125 0.5625 0.1805555546875 0.552604166015625 0.164814814453125 0.5328125 0.159259259765625 0.53125 0.156481482421875 0.5328125 0.138888888671875 0.5296875 0.1305555546875 0.522916666015625 0.12777777734375 0.5171875 0.12962962890625 0.5125 0.12777777734375 0.508333333984375 0.121296296875 0.505208333984375 0.121296296875 0.500520833984375 0.1231481484375 0.497395833984375 0.1305555546875 0.478125 0.1305555546875 0.475 0.135185185546875 0.475520833984375 0.15 0.482291666015625 0.15092592578125 0.486979166015625 0.162037037109375 0.509895833984375 0.162037037109375
0 0.4421875 0.10092592578125 0.446875 0.10092592578125 0.444791666015625 0.0981481484375 0.4421875 0.10092592578125
0 0.4375 0.0981481484375 0.440104166015625 0.0981481484375 0.438020833984375 0.09537037109375 0.4375 0.0981481484375
0 0.354166666015625 0.1055555546875 0.3796875 0.1055555546875 0.384375 0.0981481484375 0.384895833984375 0.093518517578125 0.383333333984375 0.089814814453125 0.375 0.084259259765625 0.377604166015625 0.0805555546875 0.428645833984375 0.07962962890625 0.434375 0.0731481484375 0.4359375 0.066666666015625 0.435416666015625 0.05462962890625 0.430729166015625 0.038888888671875 0.414583333984375 0.035185185546875 0.410416666015625 0.02592592578125 0.4046875 0.0231481484375 0.389583333984375 0.0231481484375 0.3828125 0.02592592578125 0.378645833984375 0.021296296875 0.375520833984375 0.021296296875 0.3703125 0.032407408203125 0.356770833984375 0.035185185546875 0.354166666015625 0.05462962890625 0.341666666015625 0.057407408203125 0.338541666015625 0.062037037109375 0.3390625 0.0981481484375 0.341666666015625 0.1055555546875 0.345833333984375 0.109259259765625 0.354166666015625 0.1055555546875
0 0.652083333984375 0.337037037109375 0.669791666015625 0.335185185546875 0.675520833984375 0.3305555546875 0.6875 0.32777777734375 0.694270833984375 0.311111111328125 0.700520833984375 0.30462962890625 0.696354166015625 0.29537037109375 0.705729166015625 0.291666666015625 0.7109375 0.3 0.708333333984375 0.3055555546875 0.711979166015625 0.310185185546875 0.7125 0.32037037109375 0.71875 0.32777777734375 0.726041666015625 0.3305555546875 0.753125 0.3305555546875 0.761458333984375 0.335185185546875 0.773958333984375 0.335185185546875 0.780208333984375 0.3305555546875 0.775520833984375 0.262037037109375 0.7703125 0.257407408203125 0.767708333984375 0.246296296875 0.740625 0.242592591796875 0.738020833984375 0.210185185546875 0.7171875 0.209259259765625 0.711979166015625 0.20092592578125 0.705729166015625 0.20092592578125 0.699479166015625 0.210185185546875 0.676041666015625 0.210185185546875 0.6734375 0.214814814453125 0.671875 0.232407408203125 0.667708333984375 0.2444444453125 0.6609375 0.25 0.647395833984375 0.25092592578125 0.643229166015625 0.262962962890625 0.64375 0.311111111328125 0.647395833984375 0.321296296875 0.649479166015625 0.335185185546875 0.652083333984375 0.337037037109375
0 0.55625 0 0.554166666015625 0.0055555546875 0.536979166015625 0.007407408203125 0.536458333984375 0.021296296875 0.534375 0.02592592578125 0.53125 0.02962962890625 0.520833333984375 0.032407408203125 0.519791666015625 0.05 0.522395833984375 0.068518517578125 0.538020833984375 0.063888888671875 0.5390625 0.058333333984375 0.541666666015625 0.057407408203125 0.54375 0.0481481484375 0.549479166015625 0.0481481484375 0.554166666015625 0.043518517578125 0.578645833984375 0.0444444453125 0.5875 0.05277777734375 0.594270833984375 0.05277777734375 0.5984375 0.0481481484375 0.597916666015625 0.038888888671875 0.5953125 0.032407408203125 0.581770833984375 0.02592592578125 0.577604166015625 0.02037037109375 0.5765625 0.007407408203125 0.563541666015625 0.0055555546875 0.558333333984375 0 0.55625 0
0 0.375 0.153703703125 0.377604166015625 0.146296296875 0.39375 0.141666666015625 0.397395833984375 0.135185185546875 0.401041666015625 0.118518517578125 0.420833333984375 0.114814814453125 0.4234375 0.112037037109375 0.422916666015625 0.108333333984375 0.425520833984375 0.10277777734375 0.441666666015625 0.112037037109375 0.446875 0.112037037109375 0.449479166015625 0.116666666015625 0.450520833984375 0.12962962890625 0.452083333984375 0.132407408203125 0.45625 0.137037037109375 0.4578125 0.1305555546875 0.45625 0.116666666015625 0.451041666015625 0.113888888671875 0.448958333984375 0.107407408203125 0.440625 0.10462962890625 0.440625 0.110185185546875 0.4390625 0.110185185546875 0.436979166015625 0.107407408203125 0.4375 0.10462962890625 0.433333333984375 0.1055555546875 0.430729166015625 0.085185185546875 0.428645833984375 0.0805555546875 0.388541666015625 0.0805555546875 0.3859375 0.083333333984375 0.386458333984375 0.091666666015625 0.380729166015625 0.1055555546875 0.364583333984375 0.107407408203125 0.3625 0.112037037109375 0.3625 0.160185185546875 0.36875 0.171296296875 0.373958333984375 0.171296296875 0.375 0.153703703125
0 0.594270833984375 0.17962962890625 0.613020833984375 0.17777777734375 0.620833333984375 0.17407407421875 0.627604166015625 0.17407407421875 0.631770833984375 0.17777777734375 0.643229166015625 0.17592592578125 0.657291666015625 0.188888888671875 0.668229166015625 0.188888888671875 0.672916666015625 0.182407408203125 0.6734375 0.163888888671875 0.671875 0.146296296875 0.668229166015625 0.137037037109375 0.6421875 0.125 0.639583333984375 0.118518517578125 0.6359375 0.116666666015625 0.636458333984375 0.1055555546875 0.633333333984375 0.10092592578125 0.622395833984375 0.0981481484375 0.618229166015625 0.089814814453125 0.614583333984375 0.089814814453125 0.6125 0.09722222265625 0.609375 0.1 0.590104166015625 0.10277777734375 0.5875 0.1055555546875 0.586979166015625 0.12592592578125 0.584895833984375 0.1305555546875 0.5703125 0.1305555546875 0.567708333984375 0.133333333984375 0.566666666015625 0.1805555546875 0.575520833984375 0.191666666015625 0.584895833984375 0.191666666015625 0.594270833984375 0.17962962890625
0 0.5015625 0.343518517578125 0.505729166015625 0.3481481484375 0.507291666015625 0.35092592578125 0.5078125 0.37407407421875 0.509895833984375 0.37592592578125 0.530729166015625 0.375 0.559895833984375 0.37962962890625 0.574479166015625 0.37592592578125 0.6015625 0.37592592578125 0.605729166015625 0.3694444453125 0.6078125 0.34907407421875 0.61875 0.3481481484375 0.6203125 0.343518517578125 0.6203125 0.3194444453125 0.616145833984375 0.282407408203125 0.609895833984375 0.275 0.588020833984375 0.275 0.5875 0.25462962890625 0.585416666015625 0.246296296875 0.5734375 0.246296296875 0.5640625 0.241666666015625 0.560416666015625 0.243518517578125 0.55625 0.237037037109375 0.546875 0.239814814453125 0.5484375 0.2444444453125 0.545833333984375 0.2481481484375 0.533333333984375 0.246296296875 0.519791666015625 0.25092592578125 0.519270833984375 0.27777777734375 0.5171875 0.282407408203125 0.5078125 0.285185185546875 0.505729166015625 0.288888888671875 0.490104166015625 0.288888888671875 0.4875 0.292592591796875 0.4875 0.3 0.484895833984375 0.307407408203125 0.483333333984375 0.316666666015625 0.483333333984375 0.338888888671875 0.488541666015625 0.343518517578125 0.5015625 0.343518517578125
0 0.585416666015625 0.409259259765625 0.5875 0.40277777734375 0.5859375 0.4 0.580208333984375 0.4 0.580729166015625 0.410185185546875 0.5765625 0.407407408203125 0.575 0.40092592578125 0.5734375 0.40462962890625 0.5765625 0.409259259765625 0.577083333984375 0.413888888671875 0.585416666015625 0.409259259765625
0 0.634375 0.368518517578125 0.638541666015625 0.3555555546875 0.647916666015625 0.35277777734375 0.655208333984375 0.363888888671875 0.65625 0.37592592578125 0.667708333984375 0.384259259765625 0.668229166015625 0.396296296875 0.675 0.40462962890625 0.679166666015625 0.40462962890625 0.683854166015625 0.3981481484375 0.688541666015625 0.396296296875 0.7015625 0.3981481484375 0.707291666015625 0.3944444453125 0.715625 0.3944444453125 0.719791666015625 0.3981481484375 0.724479166015625 0.3981481484375 0.7296875 0.411111111328125 0.730208333984375 0.4481481484375 0.732291666015625 0.45462962890625 0.753125 0.457407408203125 0.779166666015625 0.457407408203125 0.78125 0.45462962890625 0.78125 0.40277777734375 0.778645833984375 0.357407408203125 0.774479166015625 0.346296296875 0.750520833984375 0.346296296875 0.744270833984375 0.343518517578125 0.7328125 0.346296296875 0.725 0.332407408203125 0.713541666015625 0.32777777734375 0.709895833984375 0.310185185546875 0.703645833984375 0.309259259765625 0.6953125 0.313888888671875 0.693229166015625 0.32777777734375 0.680729166015625 0.332407408203125 0.677604166015625 0.335185185546875 0.674479166015625 0.343518517578125 0.6465625 0.346296296875 0.646354166015625 0.35092592578125 0.643854166015625 0.346296296875 0.643229166015625 0.35092592578125 0.640104166015625 0.3444444453125 0.636979166015625 0.3444444453125 0.632291666015625 0.3481481484375 0.608333333984375 0.35277777734375 0.6078125 0.366666666015625 0.611979166015625 0.371296296875 0.631770833984375 0.371296296875 0.634375 0.368518517578125
0 0.4359375 0.275 0.44375 0.268518517578125 0.480729166015625 0.2731481484375 0.491145833984375 0.268518517578125 0.515104166015625 0.266666666015625 0.516666666015625 0.263888888671875 0.5171875 0.2518518515625 0.519270833984375 0.2481481484375 0.530729166015625 0.246296296875 0.536979166015625 0.239814814453125 0.5390625 0.218518517578125 0.536979166015625 0.1944444453125 0.530208333984375 0.191666666015625 0.5140625 0.192592591796875 0.511979166015625 0.1768518515625 0.513541666015625 0.166666666015625 0.511979166015625 0.166666666015625 0.5109375 0.162037037109375 0.50625 0.159259259765625 0.491145833984375 0.162037037109375 0.4875 0.160185185546875 0.484895833984375 0.15277777734375 0.479166666015625 0.15092592578125 0.474479166015625 0.15277777734375 0.474479166015625 0.159259259765625 0.472395833984375 0.163888888671875 0.456770833984375 0.166666666015625 0.4515625 0.1768518515625 0.451041666015625 0.19537037109375 0.449479166015625 0.20092592578125 0.436458333984375 0.196296296875 0.427083333984375 0.2 0.420833333984375 0.221296296875 0.4203125 0.2305555546875 0.419791666015625 0.263888888671875 0.420833333984375 0.271296296875 0.424479166015625 0.275 0.4359375 0.275
0 0.521354166015625 0.0805555546875 0.522395833984375 0.106481482421875 0.525 0.118518517578125 0.53125 0.1231481484375 0.58125 0.121296296875 0.586458333984375 0.116666666015625 0.588020833984375 0.107407408203125 0.594270833984375 0.10277777734375 0.608333333984375 0.1 0.611979166015625 0.091666666015625 0.6109375 0.07777777734375 0.60625 0.0694444453125 0.602604166015625 0.056481482421875 0.599479166015625 0.05277777734375 0.588020833984375 0.05277777734375 0.58125 0.0444444453125 0.5578125 0.041666666015625 0.549479166015625 0.046296296875 0.543229166015625 0.046296296875 0.5390625 0.05277777734375 0.522395833984375 0.05462962890625 0.522395833984375 0.059259259765625 0.524479166015625 0.060185185546875 0.522395833984375 0.066666666015625 0.521354166015625 0.0805555546875
0 0.585416666015625 0.2444444453125 0.588541666015625 0.25092592578125 0.590104166015625 0.267592591796875 0.596875 0.271296296875 0.6125 0.2731481484375 0.618229166015625 0.282407408203125 0.621354166015625 0.296296296875 0.636979166015625 0.296296296875 0.639583333984375 0.293518517578125 0.641666666015625 0.287037037109375 0.6421875 0.262962962890625 0.6453125 0.25277777734375 0.65 0.2481481484375 0.661458333984375 0.2481481484375 0.669270833984375 0.237037037109375 0.670833333984375 0.2305555546875 0.668229166015625 0.218518517578125 0.664583333984375 0.216666666015625 0.6625 0.212037037109375 0.6515625 0.207407408203125 0.649479166015625 0.182407408203125 0.647916666015625 0.17962962890625 0.639583333984375 0.17777777734375 0.631770833984375 0.1805555546875 0.627083333984375 0.17592592578125 0.619791666015625 0.17592592578125 0.614583333984375 0.1805555546875 0.594270833984375 0.182407408203125 0.588020833984375 0.1944444453125 0.586458333984375 0.218518517578125 0.566145833984375 0.218518517578125 0.563020833984375 0.2231481484375 0.5625 0.237037037109375 0.5640625 0.239814814453125 0.568229166015625 0.243518517578125 0.585416666015625 0.2444444453125
0 0.293229166015625 0.67592592578125 0.3 0.67777777734375 0.3890625 0.67962962890625 0.484895833984375 0.6731481484375 0.4921875 0.668518517578125 0.4953125 0.662037037109375 0.4984375 0.65092592578125 0.501041666015625 0.62777777734375 0.5296875 0.62592592578125 0.534895833984375 0.596296296875 0.5328125 0.5444444453125 0.53125 0.5305555546875 0.528645833984375 0.5231481484375 0.5234375 0.5194444453125 0.49375 0.521296296875 0.491145833984375 0.5055555546875 0.489583333984375 0.5055555546875 0.4859375 0.516666666015625 0.480208333984375 0.516666666015625 0.473958333984375 0.521296296875 0.4703125 0.518518517578125 0.452604166015625 0.516666666015625 0.444791666015625 0.509259259765625 0.441145833984375 0.49722222265625 0.440625 0.487962962890625 0.432291666015625 0.487037037109375 0.426041666015625 0.47777777734375 0.422395833984375 0.47592592578125 0.4140625 0.47592592578125 0.407291666015625 0.489814814453125 0.407291666015625 0.5 0.405729166015625 0.50277777734375 0.386979166015625 0.510185185546875 0.383333333984375 0.52407407421875 0.357291666015625 0.5231481484375 0.349479166015625 0.52592592578125 0.344791666015625 0.532407408203125 0.340625 0.560185185546875 0.3375 0.563888888671875 0.3328125 0.560185185546875 0.308333333984375 0.560185185546875 0.302083333984375 0.5694444453125 0.3 0.57777777734375 0.297395833984375 0.632407408203125 0.294270833984375 0.659259259765625 0.291145833984375 0.671296296875 0.293229166015625 0.67592592578125
0 0.426041666015625 0.466666666015625 0.425 0.464814814453125 0.4203125 0.468518517578125 0.418229166015625 0.463888888671875 0.413541666015625 0.464814814453125 0.411979166015625 0.466666666015625 0.413541666015625 0.471296296875 0.425 0.4694444453125 0.426041666015625 0.466666666015625
0 0.485416666015625 0.462037037109375 0.4875 0.47592592578125 0.488541666015625 0.466666666015625 0.4875 0.462037037109375 0.485416666015625 0.462037037109375
0 0.427083333984375 0 0.4123265625 0.010185185546875 0.411458333984375 0.014814814453125 0.4095484375 0.010185185546875 0.406770833984375 0.010185185546875 0.40625 0.013888888671875 0.411979166015625 0.015740740234375 0.418229166015625 0.0305555546875 0.421875 0.034259259765625 0.432291666015625 0.037037037109375 0.4375 0.0481481484375 0.454166666015625 0.05092592578125 0.475 0.05092592578125 0.478125 0.0481481484375 0.478645833984375 0.0305555546875 0.475520833984375 0.011111111328125 0.459895833984375 0 0.427083333984375 0