0 0.83125 0.312037037109375 0.828645833984375 0.3055555546875 0.81875 0.30462962890625 0.813541666015625 0.312037037109375 0.813020833984375 0.334259259765625 0.8171875 0.337037037109375 0.830208333984375 0.335185185546875 0.83125 0.312037037109375
0 0.872916666015625 0.32777777734375 0.872916666015625 0.312037037109375 0.869791666015625 0.3 0.861458333984375 0.2981481484375 0.85625 0.3055555546875 0.855729166015625 0.32777777734375 0.857291666015625 0.3305555546875 0.869791666015625 0.332407408203125 0.872916666015625 0.32777777734375
0 0.824479166015625 0.493518517578125 0.825520833984375 0.482407408203125 0.828645833984375 0.47777777734375 0.83125 0.47777777734375 0.83125 0.457407408203125 0.827604166015625 0.45277777734375 0.818229166015625 0.45277777734375 0.815625 0.457407408203125 0.810416666015625 0.460185185546875 0.809895833984375 0.4694444453125 0.799479166015625 0.486111111328125 0.798958333984375 0.5 0.809895833984375 0.5055555546875 0.819791666015625 0.50462962890625 0.824479166015625 0.493518517578125
0 0.7046875 0.557407408203125 0.715104166015625 0.5481481484375 0.725 0.546296296875 0.725 0.521296296875 0.716666666015625 0.512037037109375 0.713020833984375 0.512037037109375 0.703645833984375 0.521296296875 0.697395833984375 0.535185185546875 0.694270833984375 0.536111111328125 0.693229166015625 0.538888888671875 0.697916666015625 0.5444444453125 0.699479166015625 0.557407408203125 0.7046875 0.557407408203125
0 0.829166666015625 0.366666666015625 0.828645833984375 0.3555555546875 0.824479166015625 0.3481481484375 0.817708333984375 0.3481481484375 0.811458333984375 0.3555555546875 0.809895833984375 0.364814814453125 0.806770833984375 0.371296296875 0.80625 0.382407408203125 0.808854166015625 0.387037037109375 0.824479166015625 0.388888888671875 0.829166666015625 0.366666666015625
0 0.7921875 0.391666666015625 0.7875 0.387037037109375 0.7859375 0.37962962890625 0.779166666015625 0.3805555546875 0.772395833984375 0.388888888671875 0.772395833984375 0.396296296875 0.76875 0.407407408203125 0.769270833984375 0.4231481484375 0.7875 0.42592592578125 0.7921875 0.40092592578125 0.7921875 0.391666666015625
0 0.519791666015625 0.675 0.5234375 0.671296296875 0.530729166015625 0.671296296875 0.535416666015625 0.663888888671875 0.554166666015625 0.663888888671875 0.570833333984375 0.659259259765625 0.577604166015625 0.660185185546875 0.58125 0.663888888671875 0.585416666015625 0.660185185546875 0.5859375 0.646296296875 0.591666666015625 0.635185185546875 0.58125 0.6194444453125 0.573958333984375 0.62777777734375 0.550520833984375 0.6305555546875 0.5375 0.635185185546875 0.534895833984375 0.638888888671875 0.5265625 0.638888888671875 0.523958333984375 0.635185185546875 0.5203125 0.635185185546875 0.516145833984375 0.643518517578125 0.5078125 0.6444444453125 0.50625 0.646296296875 0.5078125 0.662962962890625 0.5140625 0.675 0.519791666015625 0.675
0 0.616145833984375 0.616666666015625 0.626041666015625 0.618518517578125 0.636458333984375 0.613888888671875 0.638541666015625 0.6055555546875 0.652083333984375 0.6055555546875 0.666666666015625 0.596296296875 0.675520833984375 0.596296296875 0.678645833984375 0.593518517578125 0.678645833984375 0.57777777734375 0.680729166015625 0.571296296875 0.675 0.560185185546875 0.6703125 0.559259259765625 0.663020833984375 0.566666666015625 0.640104166015625 0.57777777734375 0.633333333984375 0.584259259765625 0.618229166015625 0.585185185546875 0.614583333984375 0.5944444453125 0.608333333984375 0.60092592578125 0.608333333984375 0.607407408203125 0.616145833984375 0.616666666015625
0 0.853125 0.50277777734375 0.855729166015625 0.4981481484375 0.859895833984375 0.496296296875 0.858333333984375 0.47592592578125 0.855208333984375 0.4694444453125 0.846875 0.4694444453125 0.8421875 0.47777777734375 0.838020833984375 0.4805555546875 0.836458333984375 0.491666666015625 0.831770833984375 0.5 0.826041666015625 0.50277777734375 0.824479166015625 0.508333333984375 0.824479166015625 0.521296296875 0.8375 0.52777777734375 0.847916666015625 0.52592592578125 0.853125 0.50277777734375
0 0.5984375 0.80092592578125 0.610416666015625 0.7944444453125 0.6140625 0.782407408203125 0.6234375 0.7805555546875 0.649479166015625 0.762037037109375 0.661979166015625 0.762037037109375 0.6625 0.75092592578125 0.660416666015625 0.742592591796875 0.6640625 0.735185185546875 0.6640625 0.7305555546875 0.658333333984375 0.725 0.655729166015625 0.718518517578125 0.649479166015625 0.714814814453125 0.645833333984375 0.718518517578125 0.64375 0.725 0.636979166015625 0.72592592578125 0.63125 0.735185185546875 0.6203125 0.741666666015625 0.6109375 0.743518517578125 0.603645833984375 0.7555555546875 0.597916666015625 0.757407408203125 0.594270833984375 0.75277777734375 0.588020833984375 0.75277777734375 0.583854166015625 0.762037037109375 0.5765625 0.768518517578125 0.575520833984375 0.7768518515625 0.58125 0.789814814453125 0.591145833984375 0.8 0.5984375 0.80092592578125
0 0.329166666015625 0.668518517578125 0.3390625 0.6731481484375 0.3671875 0.6731481484375 0.3734375 0.6805555546875 0.379166666015625 0.6805555546875 0.386458333984375 0.666666666015625 0.390104166015625 0.641666666015625 0.388020833984375 0.638888888671875 0.38125 0.638888888671875 0.378125 0.643518517578125 0.372916666015625 0.6444444453125 0.359895833984375 0.638888888671875 0.333854166015625 0.639814814453125 0.33125 0.637037037109375 0.325520833984375 0.637037037109375 0.321875 0.641666666015625 0.313541666015625 0.641666666015625 0.3125 0.6481481484375 0.306770833984375 0.660185185546875 0.30625 0.671296296875 0.313541666015625 0.671296296875 0.3203125 0.67592592578125 0.329166666015625 0.668518517578125
0 0.4453125 0.641666666015625 0.45 0.634259259765625 0.464583333984375 0.637037037109375 0.490625 0.635185185546875 0.499479166015625 0.638888888671875 0.503125 0.632407408203125 0.503125 0.6268518515625 0.508333333984375 0.618518517578125 0.508333333984375 0.612037037109375 0.506770833984375 0.60092592578125 0.5 0.6 0.491666666015625 0.607407408203125 0.466666666015625 0.6055555546875 0.454166666015625 0.612037037109375 0.4484375 0.612037037109375 0.441145833984375 0.607407408203125 0.4359375 0.613888888671875 0.427604166015625 0.614814814453125 0.4265625 0.617592591796875 0.425520833984375 0.636111111328125 0.430208333984375 0.643518517578125 0.433333333984375 0.643518517578125 0.4453125 0.641666666015625
0 0.868229166015625 0.366666666015625 0.8625 0.3555555546875 0.855729166015625 0.3555555546875 0.85 0.364814814453125 0.847395833984375 0.3805555546875 0.846875 0.393518517578125 0.85 0.396296296875 0.866666666015625 0.396296296875 0.868229166015625 0.366666666015625
0 0.7 0.560185185546875 0.699479166015625 0.543518517578125 0.697916666015625 0.538888888671875 0.69375 0.537037037109375 0.690625 0.537037037109375 0.681770833984375 0.546296296875 0.680208333984375 0.543518517578125 0.675520833984375 0.543518517578125 0.672395833984375 0.55277777734375 0.670833333984375 0.560185185546875 0.6828125 0.57592592578125 0.691666666015625 0.57407407421875 0.7 0.560185185546875
0 0.801041666015625 0.591666666015625 0.805208333984375 0.587037037109375 0.808333333984375 0.57592592578125 0.813541666015625 0.5731481484375 0.819791666015625 0.562037037109375 0.823958333984375 0.562037037109375 0.828645833984375 0.557407408203125 0.829166666015625 0.5481481484375 0.827083333984375 0.535185185546875 0.823958333984375 0.5305555546875 0.813541666015625 0.52777777734375 0.8109375 0.534259259765625 0.80625 0.537037037109375 0.799479166015625 0.55092592578125 0.796875 0.55092592578125 0.790104166015625 0.559259259765625 0.782291666015625 0.560185185546875 0.780729166015625 0.568518517578125 0.777083333984375 0.5731481484375 0.777083333984375 0.5805555546875 0.7796875 0.584259259765625 0.792708333984375 0.591666666015625 0.801041666015625 0.591666666015625
0 0.725520833984375 0.618518517578125 0.730729166015625 0.613888888671875 0.738020833984375 0.60092592578125 0.741666666015625 0.60092592578125 0.746354166015625 0.5944444453125 0.756770833984375 0.587037037109375 0.7625 0.587037037109375 0.764583333984375 0.582407408203125 0.763020833984375 0.5731481484375 0.763541666015625 0.562037037109375 0.761979166015625 0.557407408203125 0.750520833984375 0.55277777734375 0.746354166015625 0.560185185546875 0.7390625 0.564814814453125 0.735416666015625 0.571296296875 0.7265625 0.57407407421875 0.718229166015625 0.587037037109375 0.708854166015625 0.587037037109375 0.7015625 0.60092592578125 0.702083333984375 0.6055555546875 0.7140625 0.616666666015625 0.725520833984375 0.618518517578125
0 0.747916666015625 0.418518517578125 0.747916666015625 0.408333333984375 0.753125 0.40092592578125 0.753125 0.391666666015625 0.747916666015625 0.3805555546875 0.738541666015625 0.3805555546875 0.7375 0.385185185546875 0.733333333984375 0.389814814453125 0.731770833984375 0.40462962890625 0.726041666015625 0.411111111328125 0.726041666015625 0.4231481484375 0.732291666015625 0.42592592578125 0.7453125 0.42592592578125 0.747916666015625 0.418518517578125
0 0.761979166015625 0.535185185546875 0.767708333984375 0.521296296875 0.772395833984375 0.518518517578125 0.777083333984375 0.510185185546875 0.7828125 0.509259259765625 0.784375 0.5 0.78125 0.484259259765625 0.771354166015625 0.482407408203125 0.752083333984375 0.50277777734375 0.7484375 0.510185185546875 0.740104166015625 0.510185185546875 0.7390625 0.513888888671875 0.7375 0.52777777734375 0.739583333984375 0.532407408203125 0.75625 0.538888888671875 0.761979166015625 0.535185185546875
0 0.801041666015625 0.339814814453125 0.797916666015625 0.3305555546875 0.7875 0.3305555546875 0.782291666015625 0.335185185546875 0.7796875 0.363888888671875 0.781770833984375 0.366666666015625 0.7984375 0.366666666015625 0.801041666015625 0.339814814453125
0 0.767708333984375 0.487037037109375 0.772916666015625 0.47962962890625 0.774479166015625 0.465740740234375 0.780208333984375 0.460185185546875 0.780208333984375 0.45092592578125 0.775520833984375 0.438888888671875 0.764583333984375 0.437037037109375 0.7578125 0.44722222265625 0.755729166015625 0.460185185546875 0.750520833984375 0.463888888671875 0.745833333984375 0.4768518515625 0.7453125 0.484259259765625 0.750520833984375 0.488888888671875 0.761979166015625 0.489814814453125 0.767708333984375 0.487037037109375
0 0.836979166015625 0.466666666015625 0.844791666015625 0.463888888671875 0.847395833984375 0.42777777734375 0.843229166015625 0.4231481484375 0.8421875 0.416666666015625 0.832291666015625 0.413888888671875 0.825 0.4268518515625 0.824479166015625 0.4481481484375 0.830729166015625 0.4555555546875 0.831770833984375 0.462037037109375 0.836979166015625 0.466666666015625