0 0.62592592578125 0.492708333984375 0.618518517578125 0.488020833984375 0.6055555546875 0.486458333984375 0.60277777734375 0.4875 0.6055555546875 0.5 0.60092592578125 0.50625 0.60092592578125 0.517708333984375 0.596296296875 0.520833333984375 0.5944444453125 0.526041666015625 0.60092592578125 0.533333333984375 0.607407408203125 0.5359375 0.615740740234375 0.536458333984375 0.618518517578125 0.533854166015625 0.62592592578125 0.492708333984375
0 0.62592592578125 0.550520833984375 0.638888888671875 0.551041666015625 0.641666666015625 0.549479166015625 0.643518517578125 0.525520833984375 0.62592592578125 0.524479166015625 0.621296296875 0.527083333984375 0.618518517578125 0.546354166015625 0.621296296875 0.549479166015625 0.62592592578125 0.550520833984375
0 0.609259259765625 0.3171875 0.6055555546875 0.305729166015625 0.609259259765625 0.297916666015625 0.607407408203125 0.29375 0.610185185546875 0.277604166015625 0.5981481484375 0.272916666015625 0.587037037109375 0.2734375 0.588888888671875 0.291666666015625 0.585185185546875 0.300520833984375 0.587037037109375 0.3078125 0.584259259765625 0.316666666015625 0.585185185546875 0.3203125 0.589814814453125 0.3234375 0.60462962890625 0.323958333984375 0.609259259765625 0.3171875
0 0.57777777734375 0.581770833984375 0.57777777734375 0.569270833984375 0.584259259765625 0.561458333984375 0.585185185546875 0.551041666015625 0.589814814453125 0.547395833984375 0.589814814453125 0.54375 0.586111111328125 0.541145833984375 0.57407407421875 0.536979166015625 0.566666666015625 0.538020833984375 0.566666666015625 0.55 0.557407408203125 0.56875 0.557407408203125 0.577083333984375 0.563888888671875 0.5828125 0.5731481484375 0.585416666015625 0.57777777734375 0.581770833984375
0 0.635185185546875 0.2 0.6231481484375 0.202604166015625 0.6231481484375 0.250520833984375 0.62592592578125 0.252083333984375 0.641666666015625 0.2515625 0.646296296875 0.2453125 0.643518517578125 0.2328125 0.646296296875 0.229166666015625 0.6481481484375 0.20625 0.635185185546875 0.2
0 0.510185185546875 0.639583333984375 0.507407408203125 0.648958333984375 0.488888888671875 0.6625 0.487037037109375 0.6734375 0.4981481484375 0.68125 0.50462962890625 0.680729166015625 0.507407408203125 0.672395833984375 0.52777777734375 0.6515625 0.52592592578125 0.644791666015625 0.516666666015625 0.638541666015625 0.510185185546875 0.639583333984375
0 0.341666666015625 0.775520833984375 0.353703703125 0.775520833984375 0.381481482421875 0.769791666015625 0.3805555546875 0.755208333984375 0.375 0.753125 0.365740740234375 0.75625 0.343518517578125 0.759375 0.338888888671875 0.763020833984375 0.341666666015625 0.775520833984375
0 0.7018518515625 0.1671875 0.682407408203125 0.163020833984375 0.67592592578125 0.164583333984375 0.67777777734375 0.178125 0.675 0.20625 0.67592592578125 0.211979166015625 0.67962962890625 0.215104166015625 0.692592591796875 0.215625 0.6981481484375 0.211458333984375 0.69907407421875 0.178645833984375 0.70277777734375 0.173958333984375 0.7018518515625 0.1671875
0 0.607407408203125 0.627083333984375 0.610185185546875 0.623958333984375 0.610185185546875 0.6140625 0.625 0.590104166015625 0.613888888671875 0.581770833984375 0.6055555546875 0.580208333984375 0.60092592578125 0.581770833984375 0.60092592578125 0.593229166015625 0.593518517578125 0.6 0.593518517578125 0.607291666015625 0.587037037109375 0.6125 0.587037037109375 0.6171875 0.592592591796875 0.624479166015625 0.6018518515625 0.627604166015625 0.607407408203125 0.627083333984375
0 0.62777777734375 0.428125 0.621296296875 0.428125 0.616666666015625 0.430729166015625 0.618518517578125 0.442708333984375 0.613888888671875 0.470833333984375 0.614814814453125 0.474479166015625 0.6194444453125 0.477604166015625 0.62592592578125 0.479166666015625 0.637037037109375 0.477604166015625 0.639814814453125 0.436458333984375 0.638888888671875 0.432291666015625 0.62777777734375 0.428125
0 0.562962962890625 0.53125 0.571296296875 0.531770833984375 0.57592592578125 0.528645833984375 0.57592592578125 0.514583333984375 0.57962962890625 0.509895833984375 0.5805555546875 0.497395833984375 0.584259259765625 0.49375 0.582407408203125 0.4875 0.57592592578125 0.483854166015625 0.566666666015625 0.482291666015625 0.560185185546875 0.483854166015625 0.562037037109375 0.4953125 0.557407408203125 0.505208333984375 0.559259259765625 0.513020833984375 0.55277777734375 0.51875 0.5555555546875 0.525 0.562962962890625 0.53125
0 0.566666666015625 0.615625 0.560185185546875 0.615625 0.557407408203125 0.617708333984375 0.5555555546875 0.630729166015625 0.541666666015625 0.646354166015625 0.541666666015625 0.6546875 0.55277777734375 0.6625 0.560185185546875 0.661979166015625 0.563888888671875 0.646875 0.5805555546875 0.627083333984375 0.57592592578125 0.6203125 0.566666666015625 0.615625
0 0.513888888671875 0.626041666015625 0.52407407421875 0.632291666015625 0.528703703125 0.633333333984375 0.534259259765625 0.630729166015625 0.535185185546875 0.61875 0.541666666015625 0.6125 0.543518517578125 0.603125 0.55 0.597916666015625 0.55 0.593229166015625 0.543518517578125 0.588541666015625 0.532407408203125 0.585416666015625 0.52777777734375 0.5859375 0.52592592578125 0.600520833984375 0.5194444453125 0.60625 0.518518517578125 0.613020833984375 0.514814814453125 0.6140625 0.512037037109375 0.619791666015625 0.513888888671875 0.626041666015625
0 0.42777777734375 0.7203125 0.435185185546875 0.71875 0.434259259765625 0.709375 0.42777777734375 0.703125 0.4231481484375 0.703125 0.414814814453125 0.710416666015625 0.391666666015625 0.71875 0.391666666015625 0.727604166015625 0.396296296875 0.733854166015625 0.4018518515625 0.735416666015625 0.413888888671875 0.727083333984375 0.42222222265625 0.725 0.42777777734375 0.7203125
0 0.485185185546875 0.720833333984375 0.484259259765625 0.716666666015625 0.47407407421875 0.706770833984375 0.4694444453125 0.706770833984375 0.460185185546875 0.715104166015625 0.4481481484375 0.719791666015625 0.439814814453125 0.725520833984375 0.439814814453125 0.73125 0.4481481484375 0.741666666015625 0.45277777734375 0.7421875 0.459259259765625 0.738020833984375 0.462962962890625 0.732291666015625 0.485185185546875 0.720833333984375
0 0.50277777734375 0.793229166015625 0.510185185546875 0.7921875 0.512037037109375 0.781770833984375 0.521296296875 0.775520833984375 0.52592592578125 0.767708333984375 0.532407408203125 0.7640625 0.531481482421875 0.7578125 0.52592592578125 0.7546875 0.52592592578125 0.752604166015625 0.518518517578125 0.749479166015625 0.512037037109375 0.750520833984375 0.512037037109375 0.759375 0.50092592578125 0.765104166015625 0.50092592578125 0.767708333984375 0.491666666015625 0.775 0.4944444453125 0.7859375 0.50277777734375 0.793229166015625
0 0.5805555546875 0.383854166015625 0.57407407421875 0.383854166015625 0.5694444453125 0.3875 0.571296296875 0.41875 0.568518517578125 0.423958333984375 0.571296296875 0.430729166015625 0.5768518515625 0.4328125 0.591666666015625 0.4328125 0.591666666015625 0.398958333984375 0.596296296875 0.393229166015625 0.596296296875 0.3890625 0.5805555546875 0.383854166015625
0 0.6731481484375 0.35625 0.6731481484375 0.342708333984375 0.67777777734375 0.3328125 0.67962962890625 0.3109375 0.668518517578125 0.307291666015625 0.657407408203125 0.3078125 0.65462962890625 0.310416666015625 0.657407408203125 0.319270833984375 0.65277777734375 0.328125 0.65277777734375 0.342708333984375 0.64907407421875 0.350520833984375 0.65277777734375 0.355729166015625 0.657407408203125 0.3578125 0.668518517578125 0.358333333984375 0.6731481484375 0.35625
0 0.55092592578125 0.394270833984375 0.538888888671875 0.394270833984375 0.537037037109375 0.396875 0.538888888671875 0.4125 0.534259259765625 0.4328125 0.535185185546875 0.439583333984375 0.538888888671875 0.4421875 0.55277777734375 0.443229166015625 0.557407408203125 0.440104166015625 0.5555555546875 0.426041666015625 0.562037037109375 0.4 0.55092592578125 0.394270833984375
0 0.635185185546875 0.352604166015625 0.632407408203125 0.339583333984375 0.635185185546875 0.336979166015625 0.635185185546875 0.321875 0.638888888671875 0.3109375 0.628703703125 0.30625 0.614814814453125 0.306770833984375 0.613888888671875 0.3109375 0.616666666015625 0.315104166015625 0.616666666015625 0.323958333984375 0.610185185546875 0.349479166015625 0.614814814453125 0.355729166015625 0.6194444453125 0.356770833984375 0.633333333984375 0.356770833984375 0.635185185546875 0.352604166015625