0 0.535185185546875 0.4109375 0.531481482421875 0.405729166015625 0.531481482421875 0.391666666015625 0.5268518515625 0.389583333984375 0.516666666015625 0.390625 0.512037037109375 0.3890625 0.511111111328125 0.383333333984375 0.515740740234375 0.38125 0.512962962890625 0.377083333984375 0.4944444453125 0.365625 0.487962962890625 0.365625 0.487962962890625 0.411979166015625 0.482407408203125 0.4140625 0.475 0.413020833984375 0.467592591796875 0.408333333984375 0.458333333984375 0.4125 0.456481482421875 0.447916666015625 0.4444444453125 0.4546875 0.442592591796875 0.4578125 0.446296296875 0.461979166015625 0.488888888671875 0.461979166015625 0.4944444453125 0.461458333984375 0.49722222265625 0.458333333984375 0.49722222265625 0.4421875 0.512037037109375 0.440104166015625 0.5231481484375 0.441666666015625 0.5268518515625 0.4390625 0.528703703125 0.419270833984375 0.535185185546875 0.4109375
0 0.32222222265625 0.253385416015625 0.32407407421875 0.238020833984375 0.336111111328125 0.233333333984375 0.337962962890625 0.227604166015625 0.336111111328125 0.223958333984375 0.332407408203125 0.223958333984375 0.328703703125 0.221354166015625 0.3268518515625 0.206770833984375 0.293518517578125 0.205208333984375 0.289814814453125 0.203645833984375 0.287962962890625 0.200520833984375 0.290740740234375 0.196354166015625 0.2944444453125 0.1953125 0.2944444453125 0.1875 0.289814814453125 0.185416666015625 0.287962962890625 0.1765625 0.281481482421875 0.173958333984375 0.2805555546875 0.163541666015625 0.265740740234375 0.158854166015625 0.214814814453125 0.156770833984375 0.211111111328125 0.161458333984375 0.212962962890625 0.19375 0.210185185546875 0.260416666015625 0.206481482421875 0.2640625 0.206481482421875 0.280729166015625 0.212037037109375 0.282291666015625 0.217592591796875 0.2875 0.214814814453125 0.290104166015625 0.215740740234375 0.29375 0.22407407421875 0.297395833984375 0.27222222265625 0.297395833984375 0.2805555546875 0.2953125 0.285185185546875 0.291666666015625 0.284259259765625 0.269791666015625 0.32222222265625 0.269270833984375 0.32407407421875 0.256770833984375 0.317592591796875 0.25625 0.32222222265625 0.253385416015625
0 0.440740740234375 0.269270833984375 0.440740740234375 0.2625 0.436111111328125 0.259895833984375 0.435185185546875 0.242708333984375 0.431481482421875 0.240625 0.408333333984375 0.240625 0.403703703125 0.238541666015625 0.403703703125 0.218229166015625 0.387962962890625 0.2109375 0.367592591796875 0.2078125 0.342592591796875 0.207291666015625 0.336111111328125 0.209375 0.339814814453125 0.238020833984375 0.333333333984375 0.2421875 0.336111111328125 0.24375 0.333333333984375 0.259895833984375 0.335185185546875 0.266666666015625 0.331481482421875 0.2734375 0.331481482421875 0.2953125 0.3268518515625 0.304166666015625 0.3268518515625 0.3125 0.35 0.320833333984375 0.393518517578125 0.3203125 0.39907407421875 0.31875 0.4 0.298958333984375 0.4055555546875 0.296354166015625 0.428703703125 0.297395833984375 0.433333333984375 0.294270833984375 0.433333333984375 0.275520833984375 0.440740740234375 0.269270833984375
0 0.515740740234375 0.619270833984375 0.514814814453125 0.613020833984375 0.511111111328125 0.6109375 0.511111111328125 0.594270833984375 0.503703703125 0.5921875 0.487962962890625 0.59375 0.4768518515625 0.584375 0.4694444453125 0.58125 0.4694444453125 0.575 0.464814814453125 0.569270833984375 0.437962962890625 0.564583333984375 0.417592591796875 0.564583333984375 0.412962962890625 0.568229166015625 0.412962962890625 0.582291666015625 0.42592592578125 0.5890625 0.42407407421875 0.59375 0.4268518515625 0.599479166015625 0.436111111328125 0.603125 0.436111111328125 0.6078125 0.428703703125 0.611979166015625 0.428703703125 0.6171875 0.442592591796875 0.621354166015625 0.44722222265625 0.629166666015625 0.458333333984375 0.633854166015625 0.456481482421875 0.638020833984375 0.4481481484375 0.640625 0.436111111328125 0.650520833984375 0.4305555546875 0.6515625 0.428703703125 0.657291666015625 0.431481482421875 0.6609375 0.441666666015625 0.665104166015625 0.47407407421875 0.664583333984375 0.478703703125 0.6609375 0.478703703125 0.645833333984375 0.482407408203125 0.644270833984375 0.508333333984375 0.644270833984375 0.510185185546875 0.6421875 0.510185185546875 0.625520833984375 0.515740740234375 0.619270833984375
0 0.514814814453125 0.501041666015625 0.511111111328125 0.4984375 0.478703703125 0.49375 0.44722222265625 0.494270833984375 0.4444444453125 0.5015625 0.442592591796875 0.5625 0.44537037109375 0.564583333984375 0.461111111328125 0.566666666015625 0.4694444453125 0.569791666015625 0.47222222265625 0.5796875 0.484259259765625 0.5890625 0.508333333984375 0.5890625 0.511111111328125 0.5859375 0.511111111328125 0.569791666015625 0.537962962890625 0.56875 0.539814814453125 0.5234375 0.535185185546875 0.519791666015625 0.514814814453125 0.51875 0.514814814453125 0.501041666015625
0 0.212962962890625 0.4609375 0.19907407421875 0.457291666015625 0.19537037109375 0.4578125 0.1944444453125 0.463541666015625 0.19722222265625 0.465104166015625 0.211111111328125 0.464583333984375 0.212962962890625 0.4609375
0 0.233333333984375 0.456770833984375 0.22592592578125 0.457291666015625 0.232407408203125 0.4578125 0.233333333984375 0.456770833984375
0 0.313888888671875 0.461979166015625 0.336111111328125 0.463541666015625 0.339814814453125 0.4625 0.339814814453125 0.4375 0.342592591796875 0.433854166015625 0.34907407421875 0.432291666015625 0.34907407421875 0.4234375 0.342592591796875 0.419791666015625 0.340740740234375 0.4 0.336111111328125 0.3984375 0.3194444453125 0.3984375 0.315740740234375 0.396354166015625 0.312962962890625 0.390625 0.3055555546875 0.3875 0.3055555546875 0.3734375 0.289814814453125 0.365104166015625 0.267592591796875 0.3625 0.267592591796875 0.3734375 0.2768518515625 0.38125 0.285185185546875 0.383333333984375 0.290740740234375 0.3890625 0.30462962890625 0.390625 0.306481482421875 0.402604166015625 0.30092592578125 0.407291666015625 0.292592591796875 0.408333333984375 0.278703703125 0.4171875 0.265740740234375 0.417708333984375 0.261111111328125 0.4203125 0.260185185546875 0.4375 0.264814814453125 0.446354166015625 0.262962962890625 0.460416666015625 0.25462962890625 0.4625 0.24907407421875 0.460416666015625 0.2481481484375 0.4640625 0.240740740234375 0.465104166015625 0.237962962890625 0.4671875 0.22407407421875 0.46875 0.22222222265625 0.480729166015625 0.231481482421875 0.485416666015625 0.243518517578125 0.488020833984375 0.2944444453125 0.4875 0.29907407421875 0.4859375 0.30092592578125 0.4828125 0.29907407421875 0.466666666015625 0.3018518515625 0.4640625 0.313888888671875 0.461979166015625
0 0.458333333984375 0.633854166015625 0.4555555546875 0.630729166015625 0.44907407421875 0.629166666015625 0.44722222265625 0.622916666015625 0.440740740234375 0.619270833984375 0.4305555546875 0.6171875 0.4305555546875 0.613020833984375 0.436111111328125 0.60625 0.4268518515625 0.602604166015625 0.42407407421875 0.5921875 0.417592591796875 0.585416666015625 0.411111111328125 0.583854166015625 0.389814814453125 0.583333333984375 0.365740740234375 0.584375 0.362962962890625 0.5921875 0.360185185546875 0.682291666015625 0.365740740234375 0.6859375 0.414814814453125 0.685416666015625 0.4305555546875 0.682291666015625 0.433333333984375 0.663020833984375 0.431481482421875 0.654166666015625 0.439814814453125 0.650520833984375 0.44907407421875 0.641145833984375 0.458333333984375 0.6375 0.458333333984375 0.633854166015625
0 0.6944444453125 0.536979166015625 0.686111111328125 0.533333333984375 0.667592591796875 0.533333333984375 0.664814814453125 0.53125 0.664814814453125 0.521354166015625 0.6555555546875 0.515625 0.6305555546875 0.513541666015625 0.611111111328125 0.515625 0.603703703125 0.521354166015625 0.606481482421875 0.541145833984375 0.6194444453125 0.551041666015625 0.613888888671875 0.555729166015625 0.606481482421875 0.5578125 0.6018518515625 0.565104166015625 0.6018518515625 0.596354166015625 0.607407408203125 0.599479166015625 0.612962962890625 0.6 0.641666666015625 0.599479166015625 0.660185185546875 0.596354166015625 0.662962962890625 0.59375 0.662962962890625 0.579166666015625 0.665740740234375 0.577083333984375 0.686111111328125 0.579166666015625 0.692592591796875 0.576041666015625 0.6944444453125 0.536979166015625
0 0.74907407421875 0.60625 0.72222222265625 0.6046875 0.7194444453125 0.602604166015625 0.7194444453125 0.588020833984375 0.686111111328125 0.586458333984375 0.667592591796875 0.589583333984375 0.662962962890625 0.599479166015625 0.658333333984375 0.602604166015625 0.656481482421875 0.666145833984375 0.658333333984375 0.66875 0.7018518515625 0.668229166015625 0.712962962890625 0.666145833984375 0.717592591796875 0.663541666015625 0.717592591796875 0.645833333984375 0.732407408203125 0.6484375 0.743518517578125 0.6484375 0.74722222265625 0.646354166015625 0.74907407421875 0.60625
0 0.4268518515625 0.525520833984375 0.42592592578125 0.5203125 0.4194444453125 0.5140625 0.4194444453125 0.498958333984375 0.39537037109375 0.496875 0.389814814453125 0.494791666015625 0.386111111328125 0.482291666015625 0.381481482421875 0.479166666015625 0.3768518515625 0.470833333984375 0.362962962890625 0.467708333984375 0.32037037109375 0.466666666015625 0.315740740234375 0.46875 0.314814814453125 0.475 0.312962962890625 0.524479166015625 0.32222222265625 0.533333333984375 0.32222222265625 0.547395833984375 0.325 0.5515625 0.35092592578125 0.553645833984375 0.353703703125 0.55625 0.353703703125 0.5703125 0.356481482421875 0.575520833984375 0.378703703125 0.5765625 0.383333333984375 0.571354166015625 0.383333333984375 0.55625 0.390740740234375 0.554166666015625 0.408333333984375 0.554166666015625 0.415740740234375 0.551041666015625 0.417592591796875 0.5328125 0.4268518515625 0.525520833984375
0 0.57222222265625 0.3609375 0.562037037109375 0.361458333984375 0.5518518515625 0.356770833984375 0.5518518515625 0.3390625 0.5444444453125 0.3375 0.539814814453125 0.334375 0.539814814453125 0.328125 0.536111111328125 0.325 0.486111111328125 0.321354166015625 0.483333333984375 0.325 0.483333333984375 0.355208333984375 0.489814814453125 0.359895833984375 0.492592591796875 0.367708333984375 0.49907407421875 0.36875 0.508333333984375 0.376041666015625 0.508333333984375 0.381770833984375 0.512962962890625 0.389583333984375 0.5194444453125 0.391666666015625 0.5268518515625 0.389583333984375 0.533333333984375 0.394791666015625 0.533333333984375 0.4140625 0.528703703125 0.425 0.531481482421875 0.428125 0.5444444453125 0.427083333984375 0.54722222265625 0.4234375 0.54722222265625 0.413541666015625 0.5444444453125 0.408333333984375 0.5694444453125 0.410416666015625 0.578703703125 0.407291666015625 0.578703703125 0.363541666015625 0.57222222265625 0.3609375
0 0.837037037109375 0.5171875 0.833333333984375 0.515625 0.833333333984375 0.502083333984375 0.8305555546875 0.500520833984375 0.806481482421875 0.496354166015625 0.7768518515625 0.496354166015625 0.77407407421875 0.498958333984375 0.77222222265625 0.524479166015625 0.77222222265625 0.56875 0.789814814453125 0.5734375 0.8268518515625 0.5734375 0.8305555546875 0.569270833984375 0.831481482421875 0.558333333984375 0.836111111328125 0.556770833984375 0.853703703125 0.556770833984375 0.856481482421875 0.519270833984375 0.853703703125 0.517708333984375 0.837037037109375 0.5171875
0 0.44722222265625 0.400520833984375 0.44722222265625 0.402604166015625 0.45 0.4015625 0.44722222265625 0.400520833984375
0 0.44907407421875 0.43125 0.453703703125 0.422395833984375 0.453703703125 0.413020833984375 0.437037037109375 0.4140625 0.4268518515625 0.40625 0.42407407421875 0.395833333984375 0.425 0.3953125 0.42037037109375 0.391666666015625 0.42222222265625 0.381770833984375 0.4194444453125 0.3765625 0.4055555546875 0.371875 0.39722222265625 0.371354166015625 0.390740740234375 0.372916666015625 0.3805555546875 0.369791666015625 0.356481482421875 0.377604166015625 0.3518518515625 0.383333333984375 0.353703703125 0.425 0.356481482421875 0.432291666015625 0.353703703125 0.434375 0.3518518515625 0.463541666015625 0.3768518515625 0.469270833984375 0.387037037109375 0.480208333984375 0.3981481484375 0.480208333984375 0.4055555546875 0.478645833984375 0.411111111328125 0.472916666015625 0.4194444453125 0.470833333984375 0.42222222265625 0.4625 0.42037037109375 0.446354166015625 0.42592592578125 0.4453125 0.437962962890625 0.435416666015625 0.44907407421875 0.43125
0 0.3018518515625 0.407291666015625 0.306481482421875 0.398958333984375 0.3055555546875 0.389583333984375 0.303703703125 0.388020833984375 0.293518517578125 0.389583333984375 0.287037037109375 0.388020833984375 0.2768518515625 0.3828125 0.2694444453125 0.375520833984375 0.267592591796875 0.3625 0.261111111328125 0.357291666015625 0.262962962890625 0.3421875 0.258333333984375 0.331770833984375 0.2444444453125 0.329166666015625 0.1944444453125 0.327083333984375 0.187962962890625 0.3328125 0.187962962890625 0.3484375 0.190740740234375 0.352083333984375 0.187962962890625 0.381770833984375 0.189814814453125 0.430729166015625 0.186111111328125 0.433333333984375 0.183333333984375 0.450520833984375 0.187962962890625 0.455208333984375 0.214814814453125 0.458854166015625 0.217592591796875 0.461458333984375 0.214814814453125 0.4625 0.214814814453125 0.467708333984375 0.233333333984375 0.467708333984375 0.25 0.461979166015625 0.260185185546875 0.461979166015625 0.262962962890625 0.459375 0.262962962890625 0.443229166015625 0.258333333984375 0.436458333984375 0.261111111328125 0.419270833984375 0.3018518515625 0.407291666015625
0 0.492592591796875 0.4421875 0.487962962890625 0.440104166015625 0.485185185546875 0.441145833984375 0.478703703125 0.436458333984375 0.462962962890625 0.441666666015625 0.456481482421875 0.4328125 0.458333333984375 0.4265625 0.461111111328125 0.425520833984375 0.461111111328125 0.4203125 0.486111111328125 0.41875 0.4805555546875 0.418229166015625 0.486111111328125 0.415364583984375 0.487962962890625 0.4109375 0.486111111328125 0.386458333984375 0.489814814453125 0.380729166015625 0.489814814453125 0.363541666015625 0.485185185546875 0.359895833984375 0.462962962890625 0.356770833984375 0.458333333984375 0.354166666015625 0.460185185546875 0.340625 0.456481482421875 0.3375 0.44907407421875 0.335416666015625 0.44722222265625 0.331770833984375 0.442592591796875 0.3296875 0.436111111328125 0.328125 0.392592591796875 0.3265625 0.387962962890625 0.329166666015625 0.386111111328125 0.3703125 0.4018518515625 0.369270833984375 0.417592591796875 0.374479166015625 0.42222222265625 0.378645833984375 0.42222222265625 0.390104166015625 0.4305555546875 0.396875 0.433333333984375 0.405208333984375 0.440740740234375 0.407291666015625 0.436111111328125 0.410416666015625 0.439814814453125 0.409895833984375 0.4444444453125 0.4 0.44722222265625 0.399479166015625 0.453703703125 0.405208333984375 0.456481482421875 0.416666666015625 0.461111111328125 0.417708333984375 0.456481482421875 0.419791666015625 0.4555555546875 0.428125 0.44907407421875 0.432291666015625 0.456481482421875 0.433333333984375 0.458333333984375 0.4375 0.44907407421875 0.436979166015625 0.440740740234375 0.442708333984375 0.433333333984375 0.443229166015625 0.428703703125 0.45 0.434259259765625 0.453125 0.44722222265625 0.455208333984375 0.458333333984375 0.45 0.462962962890625 0.4546875 0.456481482421875 0.4609375 0.478703703125 0.460416666015625 0.47037037109375 0.456770833984375 0.47037037109375 0.454166666015625 0.481481482421875 0.451041666015625 0.488888888671875 0.4515625 0.490740740234375 0.4484375 0.4944444453125 0.449479166015625 0.492592591796875 0.4421875
0 0.7444444453125 0.488020833984375 0.742592591796875 0.472916666015625 0.737962962890625 0.46875 0.715740740234375 0.468229166015625 0.715740740234375 0.450520833984375 0.703703703125 0.447395833984375 0.69907407421875 0.444270833984375 0.660185185546875 0.443229166015625 0.653703703125 0.447395833984375 0.653703703125 0.5125 0.664814814453125 0.517708333984375 0.667592591796875 0.525520833984375 0.67222222265625 0.529166666015625 0.707407408203125 0.529166666015625 0.712962962890625 0.526041666015625 0.712962962890625 0.5125 0.715740740234375 0.5109375 0.736111111328125 0.511979166015625 0.739814814453125 0.509895833984375 0.739814814453125 0.49375 0.7444444453125 0.488020833984375
0 0.664814814453125 0.35625 0.661111111328125 0.353645833984375 0.661111111328125 0.338541666015625 0.639814814453125 0.3375 0.636111111328125 0.3359375 0.636111111328125 0.319270833984375 0.62777777734375 0.3171875 0.62407407421875 0.3140625 0.617592591796875 0.3125 0.575 0.3109375 0.57222222265625 0.3125 0.57222222265625 0.34375 0.5694444453125 0.358333333984375 0.5805555546875 0.365104166015625 0.581481482421875 0.396875 0.587962962890625 0.402083333984375 0.6268518515625 0.402604166015625 0.633333333984375 0.4 0.633333333984375 0.384895833984375 0.636111111328125 0.383333333984375 0.658333333984375 0.383333333984375 0.661111111328125 0.365104166015625 0.664814814453125 0.361979166015625 0.664814814453125 0.35625
0 0.7805555546875 0.358333333984375 0.766666666015625 0.358333333984375 0.762037037109375 0.356770833984375 0.762962962890625 0.342708333984375 0.760185185546875 0.340104166015625 0.735185185546875 0.3359375 0.7055555546875 0.3359375 0.69907407421875 0.411979166015625 0.70462962890625 0.415104166015625 0.7231481484375 0.418229166015625 0.757407408203125 0.417708333984375 0.761111111328125 0.413541666015625 0.762962962890625 0.401041666015625 0.783333333984375 0.398958333984375 0.785185185546875 0.384375 0.787962962890625 0.381770833984375 0.786111111328125 0.360416666015625 0.7805555546875 0.358333333984375
0 0.62222222265625 0.550520833984375 0.6018518515625 0.5359375 0.59907407421875 0.508854166015625 0.592592591796875 0.502604166015625 0.585185185546875 0.5015625 0.5518518515625 0.502083333984375 0.54537037109375 0.5078125 0.537962962890625 0.508854166015625 0.533333333984375 0.511979166015625 0.533333333984375 0.519270833984375 0.539814814453125 0.521875 0.542592591796875 0.526041666015625 0.542592591796875 0.544270833984375 0.539814814453125 0.565625 0.5305555546875 0.573958333984375 0.528703703125 0.596354166015625 0.536111111328125 0.599479166015625 0.5694444453125 0.598958333984375 0.5944444453125 0.5875 0.59722222265625 0.5765625 0.59537037109375 0.571354166015625 0.6018518515625 0.561979166015625 0.607407408203125 0.556770833984375 0.6194444453125 0.5546875 0.62222222265625 0.550520833984375
0 0.356481482421875 0.582291666015625 0.3518518515625 0.58125 0.3518518515625 0.556770833984375 0.34722222265625 0.5546875 0.333333333984375 0.555208333984375 0.3268518515625 0.5578125 0.32037037109375 0.55625 0.317592591796875 0.552083333984375 0.3194444453125 0.535416666015625 0.317592591796875 0.53125 0.311111111328125 0.527604166015625 0.262962962890625 0.526041666015625 0.2518518515625 0.527604166015625 0.2444444453125 0.5328125 0.24722222265625 0.5703125 0.242592591796875 0.588020833984375 0.2444444453125 0.622916666015625 0.240740740234375 0.6265625 0.239814814453125 0.641666666015625 0.24537037109375 0.644270833984375 0.2981481484375 0.64375 0.314814814453125 0.6375 0.32222222265625 0.615104166015625 0.346296296875 0.6140625 0.35092592578125 0.611979166015625 0.3518518515625 0.5890625 0.358333333984375 0.5859375 0.356481482421875 0.582291666015625