0 0.640740740234375 0.499479166015625 0.65277777734375 0.498958333984375 0.6555555546875 0.495833333984375 0.653703703125 0.478645833984375 0.6518518515625 0.477083333984375 0.640740740234375 0.476041666015625 0.636111111328125 0.482291666015625 0.642592591796875 0.4953125 0.640740740234375 0.499479166015625
0 0.640740740234375 0.477604166015625 0.640740740234375 0.4796875 0.6444444453125 0.478645833984375 0.640740740234375 0.477604166015625
0 0.661111111328125 0.496354166015625 0.667592591796875 0.4953125 0.67407407421875 0.4921875 0.67592592578125 0.488020833984375 0.67222222265625 0.4796875 0.662962962890625 0.477604166015625 0.656481482421875 0.4828125 0.656481482421875 0.49375 0.661111111328125 0.496354166015625
0 0.62407407421875 0.50625 0.637962962890625 0.50625 0.639814814453125 0.5015625 0.64537037109375 0.498958333984375 0.642592591796875 0.490104166015625 0.637962962890625 0.48125 0.6268518515625 0.48125 0.62407407421875 0.483854166015625 0.62407407421875 0.50625
0 0.581481482421875 0.519270833984375 0.588888888671875 0.51875 0.59722222265625 0.510416666015625 0.592592591796875 0.498958333984375 0.586111111328125 0.4953125 0.583333333984375 0.490625 0.564814814453125 0.490625 0.564814814453125 0.515625 0.581481482421875 0.519270833984375
0 0.640740740234375 0.476041666015625 0.637962962890625 0.477604166015625 0.637962962890625 0.481770833984375 0.640740740234375 0.486979166015625 0.64907407421875 0.492708333984375 0.64907407421875 0.4953125 0.65277777734375 0.496875 0.663888888671875 0.4953125 0.67222222265625 0.4921875 0.67407407421875 0.489583333984375 0.67222222265625 0.4828125 0.662962962890625 0.479166666015625 0.659259259765625 0.480208333984375 0.6518518515625 0.4765625 0.640740740234375 0.476041666015625
0 0.487962962890625 0.569791666015625 0.487962962890625 0.5609375 0.483333333984375 0.558854166015625 0.47407407421875 0.558854166015625 0.47037037109375 0.556770833984375 0.467592591796875 0.545833333984375 0.461111111328125 0.54375 0.437962962890625 0.54375 0.428703703125 0.547916666015625 0.4305555546875 0.590104166015625 0.4268518515625 0.610416666015625 0.431481482421875 0.6125 0.458333333984375 0.611979166015625 0.464814814453125 0.609895833984375 0.47222222265625 0.5953125 0.487962962890625 0.591666666015625 0.487962962890625 0.583333333984375 0.492592591796875 0.5796875 0.492592591796875 0.575 0.487962962890625 0.569791666015625
0 0.6805555546875 0.4765625 0.6805555546875 0.4609375 0.664814814453125 0.456770833984375 0.658333333984375 0.456770833984375 0.658333333984375 0.475520833984375 0.67037037109375 0.478645833984375 0.6768518515625 0.478645833984375 0.6805555546875 0.4765625
0 0.62407407421875 0.50625 0.62222222265625 0.4859375 0.617592591796875 0.483333333984375 0.606481482421875 0.483333333984375 0.603703703125 0.5109375 0.617592591796875 0.5109375 0.62407407421875 0.50625
0 0.558333333984375 0.5546875 0.561111111328125 0.556770833984375 0.5805555546875 0.555729166015625 0.581481482421875 0.550520833984375 0.589814814453125 0.544791666015625 0.589814814453125 0.530208333984375 0.5768518515625 0.519270833984375 0.561111111328125 0.519270833984375 0.561111111328125 0.546354166015625 0.558333333984375 0.5546875
0 0.3768518515625 0.640625 0.37592592578125 0.644791666015625 0.381481482421875 0.6453125 0.387962962890625 0.642708333984375 0.389814814453125 0.630208333984375 0.392592591796875 0.628125 0.389814814453125 0.602083333984375 0.385185185546875 0.599479166015625 0.3805555546875 0.599479166015625 0.3768518515625 0.602604166015625 0.37407407421875 0.6 0.364814814453125 0.6 0.361111111328125 0.597916666015625 0.358333333984375 0.59375 0.358333333984375 0.581770833984375 0.3444444453125 0.579166666015625 0.3055555546875 0.578125 0.29722222265625 0.581770833984375 0.29722222265625 0.591666666015625 0.30092592578125 0.596875 0.29722222265625 0.623958333984375 0.29722222265625 0.666666666015625 0.307407408203125 0.66875 0.339814814453125 0.668229166015625 0.358333333984375 0.663020833984375 0.362962962890625 0.649479166015625 0.362962962890625 0.645833333984375 0.358333333984375 0.642708333984375 0.359259259765625 0.639583333984375 0.37407407421875 0.636979166015625 0.3768518515625 0.640625