0 0.415625 0.518518517578125 0.417708333984375 0.542592591796875 0.442708333984375 0.543518517578125 0.444270833984375 0.538888888671875 0.444270833984375 0.5231481484375 0.443229166015625 0.516666666015625 0.439583333984375 0.510185185546875 0.438541666015625 0.487037037109375 0.4328125 0.483333333984375 0.43125 0.47592592578125 0.419791666015625 0.47592592578125 0.416666666015625 0.487962962890625 0.411979166015625 0.489814814453125 0.411979166015625 0.506481482421875 0.415625 0.518518517578125
0 0.455729166015625 0.32592592578125 0.45 0.30277777734375 0.443229166015625 0.2944444453125 0.438020833984375 0.2944444453125 0.43125 0.303703703125 0.430208333984375 0.318518517578125 0.4328125 0.338888888671875 0.454166666015625 0.337037037109375 0.455729166015625 0.32592592578125
0 0.415625 0.335185185546875 0.415625 0.3231481484375 0.410416666015625 0.296296296875 0.406770833984375 0.291666666015625 0.397916666015625 0.291666666015625 0.395833333984375 0.2944444453125 0.390104166015625 0.3055555546875 0.39375 0.334259259765625 0.3984375 0.337037037109375 0.415625 0.335185185546875
0 0.3828125 0.07592592578125 0.377604166015625 0.07592592578125 0.374479166015625 0.082407408203125 0.375 0.096296296875 0.386979166015625 0.096296296875 0.386979166015625 0.082407408203125 0.3828125 0.07592592578125
0 0.4578125 0.385185185546875 0.469791666015625 0.387037037109375 0.480729166015625 0.384259259765625 0.480729166015625 0.368518517578125 0.475520833984375 0.360185185546875 0.4734375 0.3444444453125 0.470833333984375 0.343518517578125 0.46875 0.337037037109375 0.458854166015625 0.337037037109375 0.452604166015625 0.34722222265625 0.4515625 0.359259259765625 0.45625 0.364814814453125 0.45625 0.3805555546875 0.4578125 0.385185185546875
0 0.3984375 0.221296296875 0.4 0.218518517578125 0.4 0.2055555546875 0.397395833984375 0.1944444453125 0.390104166015625 0.187037037109375 0.3828125 0.191666666015625 0.380729166015625 0.19722222265625 0.382291666015625 0.221296296875 0.389583333984375 0.2231481484375 0.3984375 0.221296296875
0 0.411458333984375 0.1305555546875 0.40625 0.121296296875 0.4 0.121296296875 0.395833333984375 0.128703703125 0.397395833984375 0.146296296875 0.411458333984375 0.1481481484375 0.411458333984375 0.1305555546875
0 0.4390625 0.2194444453125 0.436458333984375 0.20092592578125 0.433333333984375 0.2 0.43125 0.1944444453125 0.426041666015625 0.1944444453125 0.4203125 0.20277777734375 0.419791666015625 0.22037037109375 0.421875 0.22777777734375 0.438020833984375 0.22777777734375 0.4390625 0.2194444453125
0 0.43125 0.45462962890625 0.4328125 0.4481481484375 0.431770833984375 0.432407408203125 0.429166666015625 0.42222222265625 0.429166666015625 0.410185185546875 0.424479166015625 0.406481482421875 0.421875 0.396296296875 0.411458333984375 0.396296296875 0.408854166015625 0.4 0.408333333984375 0.407407408203125 0.404166666015625 0.413888888671875 0.4078125 0.45462962890625 0.43125 0.45462962890625
0 0.389583333984375 0.15092592578125 0.3875 0.138888888671875 0.383333333984375 0.132407408203125 0.3765625 0.132407408203125 0.372395833984375 0.138888888671875 0.372395833984375 0.153703703125 0.374479166015625 0.159259259765625 0.3890625 0.157407408203125 0.389583333984375 0.15092592578125
0 0.479166666015625 0.266666666015625 0.4765625 0.259259259765625 0.475520833984375 0.2481481484375 0.470833333984375 0.239814814453125 0.4625 0.238888888671875 0.459895833984375 0.24537037109375 0.457291666015625 0.246296296875 0.45625 0.260185185546875 0.458854166015625 0.275 0.479166666015625 0.275 0.479166666015625 0.266666666015625
0 0.465625 0.459259259765625 0.478645833984375 0.4555555546875 0.478645833984375 0.441666666015625 0.472916666015625 0.4268518515625 0.4734375 0.413888888671875 0.472395833984375 0.410185185546875 0.468229166015625 0.408333333984375 0.466666666015625 0.40092592578125 0.454166666015625 0.40092592578125 0.4484375 0.412037037109375 0.447916666015625 0.4268518515625 0.4515625 0.433333333984375 0.452604166015625 0.456481482421875 0.465625 0.459259259765625
0 0.422395833984375 0.088888888671875 0.421875 0.0805555546875 0.417708333984375 0.071296296875 0.4109375 0.071296296875 0.408333333984375 0.075 0.408333333984375 0.087962962890625 0.410416666015625 0.091666666015625 0.420833333984375 0.091666666015625 0.422395833984375 0.088888888671875
0 0.428645833984375 0.246296296875 0.419270833984375 0.246296296875 0.416145833984375 0.2555555546875 0.416666666015625 0.284259259765625 0.435416666015625 0.284259259765625 0.434895833984375 0.257407408203125 0.428645833984375 0.246296296875
0 0.403645833984375 0.0731481484375 0.399479166015625 0.064814814453125 0.393229166015625 0.063888888671875 0.3890625 0.07037037109375 0.388541666015625 0.07777777734375 0.390104166015625 0.084259259765625 0.403125 0.084259259765625 0.403645833984375 0.0731481484375
0 0.368229166015625 0.0805555546875 0.366145833984375 0.0731481484375 0.355208333984375 0.07407407421875 0.354166666015625 0.087962962890625 0.35625 0.091666666015625 0.367708333984375 0.090740740234375 0.368229166015625 0.0805555546875
0 0.477083333984375 0.687037037109375 0.480729166015625 0.693518517578125 0.492708333984375 0.7194444453125 0.494270833984375 0.7305555546875 0.5015625 0.741666666015625 0.515104166015625 0.741666666015625 0.53125 0.734259259765625 0.531770833984375 0.72592592578125 0.526041666015625 0.70277777734375 0.516666666015625 0.70277777734375 0.514583333984375 0.69907407421875 0.513020833984375 0.685185185546875 0.50625 0.681481482421875 0.502083333984375 0.657407408203125 0.496875 0.6555555546875 0.491145833984375 0.643518517578125 0.475520833984375 0.64907407421875 0.474479166015625 0.660185185546875 0.4703125 0.667592591796875 0.470833333984375 0.684259259765625 0.477083333984375 0.687037037109375
0 0.433333333984375 0.17407407421875 0.433333333984375 0.166666666015625 0.429166666015625 0.1518518515625 0.4265625 0.1481481484375 0.41875 0.1481481484375 0.4171875 0.15092592578125 0.414583333984375 0.159259259765625 0.417708333984375 0.17592592578125 0.4296875 0.17777777734375 0.433333333984375 0.17407407421875
0 0.449479166015625 0.5731481484375 0.452083333984375 0.610185185546875 0.458854166015625 0.616666666015625 0.484375 0.612037037109375 0.483333333984375 0.589814814453125 0.475520833984375 0.5768518515625 0.472916666015625 0.5481481484375 0.467708333984375 0.546296296875 0.463541666015625 0.535185185546875 0.452083333984375 0.535185185546875 0.4484375 0.538888888671875 0.447395833984375 0.546296296875 0.443229166015625 0.55277777734375 0.443229166015625 0.567592591796875 0.449479166015625 0.5731481484375
0 0.404166666015625 0.264814814453125 0.403125 0.243518517578125 0.3984375 0.2305555546875 0.3890625 0.2305555546875 0.384895833984375 0.239814814453125 0.383333333984375 0.239814814453125 0.383333333984375 0.263888888671875 0.3859375 0.268518517578125 0.401041666015625 0.268518517578125 0.404166666015625 0.264814814453125