0 0.651041666015625 0 0.649479166015625 0.010185185546875 0.644791666015625 0.018518517578125 0.641666666015625 0.034259259765625 0.6296875 0.05462962890625 0.622916666015625 0.05277777734375 0.618229166015625 0.058333333984375 0.616666666015625 0.0694444453125 0.616666666015625 0.07962962890625 0.618229166015625 0.084259259765625 0.636458333984375 0.091666666015625 0.640104166015625 0.089814814453125 0.650520833984375 0.096296296875 0.656770833984375 0.1055555546875 0.6609375 0.10462962890625 0.666145833984375 0.091666666015625 0.6671875 0.0768518515625 0.669791666015625 0.068518517578125 0.683854166015625 0.043518517578125 0.691666666015625 0.035185185546875 0.698958333984375 0.018518517578125 0.698958333984375 0.013888888671875 0.697395833984375 0.010185185546875 0.683854166015625 0 0.651041666015625 0
0 0.5578125 0.714814814453125 0.555729166015625 0.72777777734375 0.561979166015625 0.72777777734375 0.5671875 0.732407408203125 0.574479166015625 0.75092592578125 0.581770833984375 0.75092592578125 0.594270833984375 0.763888888671875 0.596875 0.763888888671875 0.605208333984375 0.75462962890625 0.607291666015625 0.746296296875 0.605729166015625 0.7305555546875 0.608333333984375 0.72592592578125 0.616145833984375 0.718518517578125 0.6203125 0.710185185546875 0.64375 0.688888888671875 0.6484375 0.67962962890625 0.65 0.668518517578125 0.655208333984375 0.668518517578125 0.665625 0.662037037109375 0.671875 0.6481481484375 0.672395833984375 0.639814814453125 0.676041666015625 0.62962962890625 0.685416666015625 0.6231481484375 0.694270833984375 0.635185185546875 0.699479166015625 0.634259259765625 0.721875 0.5981481484375 0.7234375 0.589814814453125 0.711979166015625 0.562037037109375 0.709895833984375 0.55277777734375 0.698958333984375 0.52962962890625 0.688541666015625 0.518518517578125 0.680729166015625 0.5055555546875 0.675 0.5055555546875 0.666145833984375 0.518518517578125 0.65625 0.5194444453125 0.649479166015625 0.531481482421875 0.646354166015625 0.543518517578125 0.647395833984375 0.55 0.645833333984375 0.556481482421875 0.645833333984375 0.562037037109375 0.649479166015625 0.566666666015625 0.6484375 0.568518517578125 0.634375 0.568518517578125 0.622395833984375 0.57592592578125 0.619270833984375 0.582407408203125 0.617708333984375 0.593518517578125 0.603645833984375 0.616666666015625 0.5953125 0.621296296875 0.577083333984375 0.6481481484375 0.5703125 0.65092592578125 0.565625 0.641666666015625 0.558854166015625 0.638888888671875 0.55 0.646296296875 0.543229166015625 0.657407408203125 0.543229166015625 0.67222222265625 0.545833333984375 0.687037037109375 0.549479166015625 0.691666666015625 0.5578125 0.714814814453125
0 0.233333333984375 0.5731481484375 0.2328125 0.584259259765625 0.2421875 0.591666666015625 0.248958333984375 0.588888888671875 0.2609375 0.591666666015625 0.263541666015625 0.60092592578125 0.2625 0.615740740234375 0.2640625 0.6231481484375 0.267708333984375 0.62592592578125 0.276041666015625 0.62592592578125 0.282291666015625 0.6194444453125 0.284895833984375 0.612037037109375 0.285416666015625 0.6018518515625 0.2875 0.5981481484375 0.3046875 0.5981481484375 0.339583333984375 0.57777777734375 0.344791666015625 0.5694444453125 0.359895833984375 0.571296296875 0.366145833984375 0.566666666015625 0.369270833984375 0.560185185546875 0.373958333984375 0.557407408203125 0.386979166015625 0.5305555546875 0.3921875 0.52592592578125 0.396354166015625 0.52592592578125 0.4 0.532407408203125 0.401041666015625 0.54537037109375 0.404166666015625 0.55462962890625 0.411458333984375 0.55462962890625 0.424479166015625 0.543518517578125 0.432291666015625 0.543518517578125 0.441666666015625 0.538888888671875 0.4453125 0.534259259765625 0.447395833984375 0.52592592578125 0.443229166015625 0.49722222265625 0.442708333984375 0.482407408203125 0.439583333984375 0.47592592578125 0.435416666015625 0.457407408203125 0.4328125 0.453703703125 0.4296875 0.438888888671875 0.427604166015625 0.435185185546875 0.423958333984375 0.435185185546875 0.4125 0.438888888671875 0.407291666015625 0.446296296875 0.394791666015625 0.437037037109375 0.388020833984375 0.439814814453125 0.3828125 0.4481481484375 0.382291666015625 0.453703703125 0.384895833984375 0.4768518515625 0.383333333984375 0.4805555546875 0.376041666015625 0.485185185546875 0.365104166015625 0.487037037109375 0.355729166015625 0.47592592578125 0.341666666015625 0.47407407421875 0.3296875 0.493518517578125 0.315104166015625 0.507407408203125 0.28125 0.5231481484375 0.275520833984375 0.515740740234375 0.273958333984375 0.507407408203125 0.261979166015625 0.5055555546875 0.257291666015625 0.507407408203125 0.251041666015625 0.5231481484375 0.2453125 0.5231481484375 0.238541666015625 0.52777777734375 0.235416666015625 0.535185185546875 0.238020833984375 0.55 0.234375 0.562037037109375 0.235416666015625 0.5694444453125 0.233333333984375 0.5731481484375
0 0.035416666015625 0.796296296875 0.031770833984375 0.796296296875 0.03125 0.80092592578125 0.0359375 0.7981481484375 0.0375 0.8 0.035416666015625 0.796296296875
0 0.119270833984375 0.785185185546875 0.116145833984375 0.784259259765625 0.118229166015625 0.788888888671875 0.1203125 0.788888888671875 0.119270833984375 0.785185185546875
0 0.0302734375 0.779296875 0.001953125 0.0029296875
0 0.03125 0.77592592578125 0.0328125 0.77592592578125 0.031770833984375 0.77407407421875 0.03125 0.77592592578125
0 0.0453125 0.764814814453125 0.044791666015625 0.734259259765625 0.043229166015625 0.7305555546875 0.038541666015625 0.7481481484375 0.034375 0.7731481484375 0.0375 0.7731481484375 0.043229166015625 0.7805555546875 0.0453125 0.764814814453125
0 0.211979166015625 0.685185185546875 0.215625 0.685185185546875 0.213020833984375 0.682407408203125 0.211979166015625 0.685185185546875
0 0.15 0.716666666015625 0.136979166015625 0.7231481484375 0.125 0.721296296875 0.121354166015625 0.72962962890625 0.1203125 0.737037037109375 0.122395833984375 0.738888888671875 0.1421875 0.739814814453125 0.14375 0.743518517578125 0.143229166015625 0.75277777734375 0.1484375 0.75462962890625 0.144791666015625 0.762037037109375 0.0515625 0.763888888671875 0.053645833984375 0.766666666015625 0.054199478515625 0.763888888671875 0.0568359375 0.763888888671875 0.058854166015625 0.77222222265625 0.0640625 0.7731481484375 0.066666666015625 0.77962962890625 0.072395833984375 0.781481482421875 0.070833333984375 0.785185185546875 0.072395833984375 0.787037037109375 0.093229166015625 0.787037037109375 0.105729166015625 0.791666666015625 0.107291666015625 0.7805555546875 0.122916666015625 0.77962962890625 0.127604166015625 0.784259259765625 0.127604166015625 0.787037037109375 0.15 0.789814814453125 0.156770833984375 0.793518517578125 0.161458333984375 0.8 0.172395833984375 0.80092592578125 0.1796875 0.791666666015625 0.182291666015625 0.77407407421875 0.1890625 0.763888888671875 0.197916666015625 0.760185185546875 0.199479166015625 0.763888888671875 0.203645833984375 0.764814814453125 0.2078125 0.760185185546875 0.219791666015625 0.759259259765625 0.224479166015625 0.763888888671875 0.2265625 0.7731481484375 0.2375 0.77407407421875 0.2390625 0.796296296875 0.241145833984375 0.789814814453125 0.24375 0.7981481484375 0.263541666015625 0.7981481484375 0.279166666015625 0.791666666015625 0.28125 0.782407408203125 0.283854166015625 0.743518517578125 0.286458333984375 0.735185185546875 0.2859375 0.7055555546875 0.281770833984375 0.688888888671875 0.2828125 0.6805555546875 0.2796875 0.663888888671875 0.2609375 0.666666666015625 0.254166666015625 0.671296296875 0.246875 0.660185185546875 0.2359375 0.660185185546875 0.2328125 0.663888888671875 0.232291666015625 0.67777777734375 0.227604166015625 0.685185185546875 0.226041666015625 0.690740740234375 0.227083333984375 0.696296296875 0.224479166015625 0.70277777734375 0.219270833984375 0.7055555546875 0.216666666015625 0.696296296875 0.210416666015625 0.696296296875 0.2078125 0.6981481484375 0.2078125 0.70277777734375 0.200520833984375 0.710185185546875 0.193229166015625 0.707407408203125 0.1875 0.6981481484375 0.1859375 0.688888888671875 0.179166666015625 0.682407408203125 0.174479166015625 0.682407408203125 0.1640625 0.693518517578125 0.157291666015625 0.6944444453125 0.153645833984375 0.709259259765625 0.15 0.716666666015625
0 0.139583333984375 0.62777777734375 0.148958333984375 0.632407408203125 0.1515625 0.632407408203125 0.154166666015625 0.62777777734375 0.157291666015625 0.643518517578125 0.157291666015625 0.666666666015625 0.1703125 0.6805555546875 0.180208333984375 0.67962962890625 0.184895833984375 0.682407408203125 0.189583333984375 0.693518517578125 0.1953125 0.69907407421875 0.198958333984375 0.6944444453125 0.200520833984375 0.687037037109375 0.211979166015625 0.67777777734375 0.213541666015625 0.662962962890625 0.222395833984375 0.637037037109375 0.227604166015625 0.612037037109375 0.227083333984375 0.589814814453125 0.2296875 0.566666666015625 0.227083333984375 0.557407408203125 0.2203125 0.55277777734375 0.209895833984375 0.55277777734375 0.204166666015625 0.546296296875 0.197395833984375 0.543518517578125 0.18125 0.543518517578125 0.176041666015625 0.5481481484375 0.175 0.55277777734375 0.171875 0.588888888671875 0.144791666015625 0.585185185546875 0.141666666015625 0.582407408203125 0.138020833984375 0.5731481484375 0.1265625 0.57592592578125 0.122916666015625 0.585185185546875 0.122395833984375 0.6018518515625 0.127083333984375 0.621296296875 0.1359375 0.6231481484375 0.139583333984375 0.62777777734375
0 0.715104166015625 0 0.7140625 0.010185185546875 0.704166666015625 0.0481481484375 0.694270833984375 0.05277777734375 0.691145833984375 0.062037037109375 0.689583333984375 0.07777777734375 0.6921875 0.085185185546875 0.704166666015625 0.087037037109375 0.710416666015625 0.091666666015625 0.71875 0.091666666015625 0.730208333984375 0.1055555546875 0.734375 0.1055555546875 0.7375 0.1 0.738541666015625 0.081481482421875 0.744270833984375 0.0555555546875 0.7453125 0.042592591796875 0.75 0.032407408203125 0.7546875 0.02962962890625 0.755729166015625 0.012037037109375 0.753125 0.0055555546875 0.751041666015625 0.0055555546875 0.747916666015625 0 0.715104166015625 0
0 0.475520833984375 0.256481482421875 0.485416666015625 0.2694444453125 0.4890625 0.281481482421875 0.494270833984375 0.288888888671875 0.502604166015625 0.289814814453125 0.505729166015625 0.288888888671875 0.511979166015625 0.27962962890625 0.5125 0.2694444453125 0.517708333984375 0.262037037109375 0.5234375 0.259259259765625 0.552604166015625 0.232407408203125 0.563541666015625 0.2 0.567708333984375 0.1981481484375 0.576041666015625 0.212037037109375 0.58125 0.212037037109375 0.588541666015625 0.20277777734375 0.597395833984375 0.196296296875 0.6015625 0.188888888671875 0.6015625 0.184259259765625 0.586979166015625 0.1555555546875 0.569791666015625 0.1481481484375 0.5640625 0.139814814453125 0.55 0.137037037109375 0.54375 0.1444444453125 0.54375 0.164814814453125 0.5421875 0.168518517578125 0.53125 0.1694444453125 0.525520833984375 0.166666666015625 0.520833333984375 0.17407407421875 0.516145833984375 0.188888888671875 0.508333333984375 0.196296296875 0.505729166015625 0.203703703125 0.499479166015625 0.212037037109375 0.4859375 0.218518517578125 0.478645833984375 0.207407408203125 0.472395833984375 0.2055555546875 0.46875 0.208333333984375 0.4625 0.221296296875 0.4625 0.232407408203125 0.4734375 0.246296296875 0.475520833984375 0.256481482421875