0 0.545833333984375 0.621296296875 0.554166666015625 0.62592592578125 0.556770833984375 0.632407408203125 0.567708333984375 0.6231481484375 0.570833333984375 0.614814814453125 0.56875 0.607407408203125 0.559895833984375 0.607407408203125 0.555729166015625 0.60092592578125 0.5375 0.585185185546875 0.528645833984375 0.584259259765625 0.520833333984375 0.588888888671875 0.518229166015625 0.593518517578125 0.520833333984375 0.60462962890625 0.5328125 0.607407408203125 0.545833333984375 0.621296296875
0 0.360416666015625 0.2555555546875 0.372916666015625 0.25462962890625 0.374479166015625 0.25092592578125 0.3734375 0.239814814453125 0.3671875 0.22037037109375 0.3625 0.213888888671875 0.357291666015625 0.213888888671875 0.353645833984375 0.2194444453125 0.353125 0.2268518515625 0.355729166015625 0.236111111328125 0.357291666015625 0.25277777734375 0.360416666015625 0.2555555546875
0 0.7859375 0.7231481484375 0.8046875 0.7231481484375 0.811458333984375 0.72592592578125 0.81875 0.712037037109375 0.817708333984375 0.696296296875 0.800520833984375 0.6981481484375 0.76875 0.6944444453125 0.7609375 0.69907407421875 0.7609375 0.7231481484375 0.774479166015625 0.7231481484375 0.7796875 0.7194444453125 0.7859375 0.7231481484375
0 0.3953125 0.384259259765625 0.397395833984375 0.37962962890625 0.394270833984375 0.368518517578125 0.39375 0.3444444453125 0.384895833984375 0.338888888671875 0.38125 0.338888888671875 0.3765625 0.343518517578125 0.376041666015625 0.353703703125 0.378645833984375 0.364814814453125 0.3796875 0.384259259765625 0.3953125 0.384259259765625
0 0.525 0.65092592578125 0.5375 0.657407408203125 0.541666666015625 0.663888888671875 0.552604166015625 0.65462962890625 0.555729166015625 0.6481481484375 0.5546875 0.639814814453125 0.545833333984375 0.641666666015625 0.536458333984375 0.6305555546875 0.5265625 0.62592592578125 0.5234375 0.616666666015625 0.513541666015625 0.616666666015625 0.504166666015625 0.62777777734375 0.503645833984375 0.633333333984375 0.505208333984375 0.637037037109375 0.5171875 0.637037037109375 0.525 0.65092592578125
0 0.383854166015625 0.316666666015625 0.390104166015625 0.321296296875 0.397916666015625 0.321296296875 0.4015625 0.316666666015625 0.3984375 0.303703703125 0.397395833984375 0.285185185546875 0.39375 0.2805555546875 0.386979166015625 0.27777777734375 0.380729166015625 0.27777777734375 0.378645833984375 0.281481482421875 0.377604166015625 0.285185185546875 0.38125 0.293518517578125 0.381770833984375 0.310185185546875 0.383854166015625 0.316666666015625
0 0.4453125 0.591666666015625 0.4484375 0.593518517578125 0.452083333984375 0.60462962890625 0.46875 0.593518517578125 0.46875 0.585185185546875 0.456770833984375 0.5768518515625 0.45625 0.5694444453125 0.449479166015625 0.559259259765625 0.447916666015625 0.55277777734375 0.434895833984375 0.55092592578125 0.432291666015625 0.55277777734375 0.430208333984375 0.559259259765625 0.427604166015625 0.560185185546875 0.427083333984375 0.566666666015625 0.436979166015625 0.5731481484375 0.438541666015625 0.57962962890625 0.4453125 0.591666666015625
0 0.703645833984375 0.743518517578125 0.709895833984375 0.743518517578125 0.714583333984375 0.7305555546875 0.713541666015625 0.716666666015625 0.7015625 0.7194444453125 0.6921875 0.713888888671875 0.659895833984375 0.712037037109375 0.655729166015625 0.72222222265625 0.65625 0.734259259765625 0.6609375 0.737037037109375 0.680208333984375 0.737037037109375 0.703645833984375 0.743518517578125
0 0.453645833984375 0.512037037109375 0.456770833984375 0.5231481484375 0.459895833984375 0.52777777734375 0.475520833984375 0.521296296875 0.475520833984375 0.512037037109375 0.473958333984375 0.509259259765625 0.46875 0.509259259765625 0.463020833984375 0.489814814453125 0.455208333984375 0.47592592578125 0.4484375 0.47592592578125 0.4390625 0.4805555546875 0.436979166015625 0.482407408203125 0.438541666015625 0.493518517578125 0.44375 0.496296296875 0.453645833984375 0.512037037109375
0 0.4125 0.532407408203125 0.425520833984375 0.52777777734375 0.430208333984375 0.5231481484375 0.430208333984375 0.518518517578125 0.427604166015625 0.513888888671875 0.421875 0.511111111328125 0.413020833984375 0.4805555546875 0.403645833984375 0.4805555546875 0.394270833984375 0.485185185546875 0.39375 0.493518517578125 0.396354166015625 0.4981481484375 0.400520833984375 0.49907407421875 0.4125 0.532407408203125
0 0.6015625 0.634259259765625 0.6171875 0.635185185546875 0.622395833984375 0.638888888671875 0.628125 0.638888888671875 0.63125 0.632407408203125 0.633333333984375 0.621296296875 0.632291666015625 0.612037037109375 0.595833333984375 0.612037037109375 0.593229166015625 0.6055555546875 0.582291666015625 0.607407408203125 0.577083333984375 0.614814814453125 0.576041666015625 0.62592592578125 0.577604166015625 0.6305555546875 0.597395833984375 0.6305555546875 0.6015625 0.634259259765625
0 0.772395833984375 0.768518517578125 0.772916666015625 0.75092592578125 0.771354166015625 0.7481481484375 0.761458333984375 0.7481481484375 0.759375 0.75092592578125 0.760416666015625 0.771296296875 0.768229166015625 0.7731481484375 0.772395833984375 0.768518517578125
0 0.821875 0.7555555546875 0.819791666015625 0.7481481484375 0.7984375 0.746296296875 0.7984375 0.768518517578125 0.8 0.77592592578125 0.820833333984375 0.77592592578125 0.821875 0.7555555546875
0 0.225 0.441666666015625 0.23125 0.441666666015625 0.24375 0.435185185546875 0.2421875 0.4231481484375 0.2375 0.4231481484375 0.234895833984375 0.4194444453125 0.23125 0.4055555546875 0.2265625 0.396296296875 0.21875 0.3944444453125 0.20625 0.40092592578125 0.205729166015625 0.408333333984375 0.2125 0.413888888671875 0.2234375 0.435185185546875 0.225 0.441666666015625
0 0.56875 0.707407408203125 0.579166666015625 0.70462962890625 0.583854166015625 0.710185185546875 0.5984375 0.713888888671875 0.605729166015625 0.7231481484375 0.608333333984375 0.7231481484375 0.6140625 0.712037037109375 0.616145833984375 0.712037037109375 0.61875 0.70092592578125 0.618229166015625 0.696296296875 0.60625 0.696296296875 0.592708333984375 0.687037037109375 0.5828125 0.685185185546875 0.580208333984375 0.6805555546875 0.5703125 0.6805555546875 0.563541666015625 0.687037037109375 0.560416666015625 0.6944444453125 0.560416666015625 0.70277777734375 0.5625 0.70462962890625 0.56875 0.707407408203125
0 0.4828125 0.566666666015625 0.489583333984375 0.57222222265625 0.49375 0.582407408203125 0.50625 0.57777777734375 0.5109375 0.5694444453125 0.508333333984375 0.562037037109375 0.501041666015625 0.562037037109375 0.486979166015625 0.535185185546875 0.476041666015625 0.534259259765625 0.467708333984375 0.539814814453125 0.465625 0.543518517578125 0.466145833984375 0.54722222265625 0.478125 0.556481482421875 0.4828125 0.566666666015625
0 0.488020833984375 0.65462962890625 0.49375 0.663888888671875 0.503645833984375 0.668518517578125 0.510416666015625 0.67962962890625 0.51875 0.6731481484375 0.525 0.660185185546875 0.5234375 0.65277777734375 0.515104166015625 0.6555555546875 0.511458333984375 0.64907407421875 0.4984375 0.638888888671875 0.4921875 0.6305555546875 0.483333333984375 0.62962962890625 0.4796875 0.637037037109375 0.472916666015625 0.643518517578125 0.472395833984375 0.64722222265625 0.474479166015625 0.65092592578125 0.480729166015625 0.6555555546875 0.488020833984375 0.65462962890625
0 0.726041666015625 0.689814814453125 0.7296875 0.688888888671875 0.734375 0.6805555546875 0.735416666015625 0.6731481484375 0.734895833984375 0.663888888671875 0.7328125 0.662037037109375 0.722395833984375 0.663888888671875 0.714583333984375 0.660185185546875 0.6796875 0.660185185546875 0.675520833984375 0.667592591796875 0.675 0.681481482421875 0.6765625 0.685185185546875 0.719791666015625 0.685185185546875 0.726041666015625 0.689814814453125
0 0.6234375 0.6731481484375 0.631770833984375 0.67962962890625 0.643229166015625 0.6805555546875 0.649479166015625 0.682407408203125 0.652604166015625 0.687037037109375 0.657291666015625 0.687037037109375 0.6625 0.67592592578125 0.665625 0.660185185546875 0.663541666015625 0.657407408203125 0.644270833984375 0.657407408203125 0.635416666015625 0.65277777734375 0.625520833984375 0.6555555546875 0.624479166015625 0.65277777734375 0.61875 0.65092592578125 0.608333333984375 0.6555555546875 0.607291666015625 0.661111111328125 0.60625 0.675 0.608333333984375 0.67777777734375 0.61875 0.67962962890625 0.6234375 0.6731481484375
0 0.414583333984375 0.45092592578125 0.4171875 0.4555555546875 0.431770833984375 0.45277777734375 0.435416666015625 0.4481481484375 0.434375 0.441666666015625 0.4296875 0.435185185546875 0.4265625 0.42592592578125 0.4234375 0.407407408203125 0.4046875 0.407407408203125 0.403125 0.410185185546875 0.403645833984375 0.416666666015625 0.409895833984375 0.42777777734375 0.414583333984375 0.45092592578125
0 0.683854166015625 0.707407408203125 0.688020833984375 0.710185185546875 0.719791666015625 0.712037037109375 0.724479166015625 0.70277777734375 0.724479166015625 0.6944444453125 0.7203125 0.689814814453125 0.7078125 0.687037037109375 0.668229166015625 0.688888888671875 0.664583333984375 0.6981481484375 0.664583333984375 0.70277777734375 0.668229166015625 0.710185185546875 0.683854166015625 0.707407408203125