0 0.2234375 0.3055555546875 0.253645833984375 0.3055555546875 0.263020833984375 0.293518517578125 0.269791666015625 0.291666666015625 0.269791666015625 0.2768518515625 0.266666666015625 0.275 0.263541666015625 0.268518517578125 0.25 0.268518517578125 0.2359375 0.282407408203125 0.2265625 0.287037037109375 0.223958333984375 0.2944444453125 0.2234375 0.3055555546875
0 0.2 0.591666666015625 0.190104166015625 0.586111111328125 0.188541666015625 0.5805555546875 0.164583333984375 0.582407408203125 0.165104166015625 0.591666666015625 0.163020833984375 0.593518517578125 0.1609375 0.6055555546875 0.1625 0.618518517578125 0.1734375 0.6194444453125 0.1828125 0.62962962890625 0.193229166015625 0.632407408203125 0.198958333984375 0.637962962890625 0.2 0.643518517578125 0.208333333984375 0.6481481484375 0.242708333984375 0.6481481484375 0.2453125 0.643518517578125 0.244791666015625 0.639814814453125 0.234895833984375 0.621296296875 0.227083333984375 0.6194444453125 0.223958333984375 0.6231481484375 0.218229166015625 0.610185185546875 0.207291666015625 0.60462962890625 0.202083333984375 0.5981481484375 0.2 0.591666666015625
0 0.36875 0.282407408203125 0.3734375 0.282407408203125 0.375 0.278703703125 0.375 0.267592591796875 0.370833333984375 0.260185185546875 0.3703125 0.2555555546875 0.358854166015625 0.25277777734375 0.3484375 0.260185185546875 0.342708333984375 0.271296296875 0.3328125 0.2731481484375 0.328125 0.293518517578125 0.353645833984375 0.296296296875 0.36875 0.282407408203125
0 0.484895833984375 0.12592592578125 0.4921875 0.125 0.494270833984375 0.1194444453125 0.493229166015625 0.107407408203125 0.486458333984375 0.10277777734375 0.475 0.1055555546875 0.468229166015625 0.113888888671875 0.463541666015625 0.114814814453125 0.461458333984375 0.12777777734375 0.48125 0.12962962890625 0.484895833984375 0.12592592578125
0 0.08125 0.487037037109375 0.0828125 0.52777777734375 0.09375 0.532407408203125 0.1203125 0.5305555546875 0.120833333984375 0.513888888671875 0.11875 0.50092592578125 0.11875 0.486111111328125 0.108854166015625 0.47777777734375 0.109895833984375 0.468518517578125 0.108333333984375 0.466666666015625 0.090625 0.466666666015625 0.090104166015625 0.47777777734375 0.083854166015625 0.4805555546875 0.08125 0.487037037109375
0 0.2734375 0.60092592578125 0.265625 0.60092592578125 0.255729166015625 0.6055555546875 0.255208333984375 0.618518517578125 0.251041666015625 0.62592592578125 0.250520833984375 0.635185185546875 0.252083333984375 0.643518517578125 0.268229166015625 0.646296296875 0.285416666015625 0.657407408203125 0.294270833984375 0.657407408203125 0.300520833984375 0.668518517578125 0.309375 0.6731481484375 0.339583333984375 0.6731481484375 0.343229166015625 0.668518517578125 0.3421875 0.662037037109375 0.329166666015625 0.6444444453125 0.319270833984375 0.643518517578125 0.3125 0.635185185546875 0.299479166015625 0.62592592578125 0.29375 0.612037037109375 0.28125 0.610185185546875 0.2734375 0.60092592578125
0 0.552604166015625 0.710185185546875 0.547916666015625 0.70277777734375 0.544270833984375 0.70092592578125 0.525520833984375 0.6981481484375 0.519270833984375 0.70092592578125 0.510416666015625 0.693518517578125 0.502604166015625 0.691666666015625 0.49375 0.6944444453125 0.4921875 0.6981481484375 0.494791666015625 0.7305555546875 0.4984375 0.737037037109375 0.519791666015625 0.737037037109375 0.545833333984375 0.7444444453125 0.550520833984375 0.7481481484375 0.565104166015625 0.7481481484375 0.573958333984375 0.7555555546875 0.5875 0.7555555546875 0.5921875 0.759259259765625 0.610416666015625 0.757407408203125 0.613541666015625 0.7518518515625 0.613020833984375 0.7444444453125 0.6078125 0.739814814453125 0.601041666015625 0.738888888671875 0.5984375 0.732407408203125 0.59375 0.72777777734375 0.570833333984375 0.721296296875 0.563541666015625 0.712037037109375 0.552604166015625 0.710185185546875
0 0.6125 0.037962962890625 0.60625 0.0305555546875 0.600520833984375 0.0305555546875 0.5875 0.0444444453125 0.586979166015625 0.05462962890625 0.60625 0.0555555546875 0.613020833984375 0.05 0.6125 0.037962962890625
0 0.411979166015625 0.20462962890625 0.418229166015625 0.196296296875 0.424479166015625 0.1944444453125 0.427083333984375 0.190740740234375 0.426041666015625 0.17777777734375 0.419270833984375 0.1694444453125 0.4015625 0.1731481484375 0.399479166015625 0.178703703125 0.390104166015625 0.188888888671875 0.3875 0.1944444453125 0.3875 0.20277777734375 0.411979166015625 0.20462962890625
0 0.1515625 0.40277777734375 0.15 0.421296296875 0.183333333984375 0.4231481484375 0.186979166015625 0.418518517578125 0.190104166015625 0.406481482421875 0.198958333984375 0.40092592578125 0.198958333984375 0.390740740234375 0.194791666015625 0.382407408203125 0.19375 0.37222222265625 0.18125 0.3694444453125 0.1765625 0.371296296875 0.172916666015625 0.3805555546875 0.161979166015625 0.382407408203125 0.161458333984375 0.387037037109375 0.158333333984375 0.388888888671875 0.1515625 0.40277777734375
0 0.2828125 0.32962962890625 0.2890625 0.32407407421875 0.294270833984375 0.3231481484375 0.294270833984375 0.306481482421875 0.2890625 0.2944444453125 0.273958333984375 0.2944444453125 0.259895833984375 0.316666666015625 0.25 0.318518517578125 0.246354166015625 0.337037037109375 0.274479166015625 0.341666666015625 0.2828125 0.32962962890625
0 0.461979166015625 0.1555555546875 0.4859375 0.157407408203125 0.489583333984375 0.15092592578125 0.495833333984375 0.15 0.497916666015625 0.146296296875 0.496875 0.137037037109375 0.489583333984375 0.12777777734375 0.482291666015625 0.12777777734375 0.475 0.132407408203125 0.468229166015625 0.141666666015625 0.465104166015625 0.141666666015625 0.4625 0.146296296875 0.461979166015625 0.1555555546875
0 0.588020833984375 0.043518517578125 0.593229166015625 0.038888888671875 0.592708333984375 0.02962962890625 0.588020833984375 0.02592592578125 0.576041666015625 0.02592592578125 0.56875 0.032407408203125 0.565625 0.043518517578125 0.567708333984375 0.046296296875 0.5796875 0.046296296875 0.588020833984375 0.043518517578125
0 0.318229166015625 0.266666666015625 0.340625 0.266666666015625 0.345833333984375 0.259259259765625 0.359895833984375 0.25092592578125 0.360416666015625 0.242592591796875 0.35625 0.234259259765625 0.35625 0.228703703125 0.351041666015625 0.22592592578125 0.3390625 0.22777777734375 0.3359375 0.235185185546875 0.325520833984375 0.2481481484375 0.317708333984375 0.25 0.314583333984375 0.263888888671875 0.318229166015625 0.266666666015625
0 0.3875 0.191666666015625 0.397916666015625 0.17777777734375 0.4 0.160185185546875 0.397916666015625 0.157407408203125 0.391666666015625 0.157407408203125 0.3765625 0.1731481484375 0.368229166015625 0.17592592578125 0.364583333984375 0.182407408203125 0.365104166015625 0.190740740234375 0.373958333984375 0.193518517578125 0.3875 0.191666666015625
0 0.135416666015625 0.368518517578125 0.127083333984375 0.3694444453125 0.1203125 0.391666666015625 0.127604166015625 0.3944444453125 0.146354166015625 0.391666666015625 0.152604166015625 0.393518517578125 0.1640625 0.37777777734375 0.1703125 0.37777777734375 0.1734375 0.371296296875 0.172916666015625 0.360185185546875 0.167708333984375 0.3555555546875 0.166666666015625 0.3481481484375 0.164583333984375 0.346296296875 0.150520833984375 0.343518517578125 0.1421875 0.357407408203125 0.140104166015625 0.357407408203125 0.135416666015625 0.368518517578125
0 0.152083333984375 0.4981481484375 0.147916666015625 0.4981481484375 0.1453125 0.5055555546875 0.145833333984375 0.516666666015625 0.1515625 0.52222222265625 0.152083333984375 0.541666666015625 0.155208333984375 0.5481481484375 0.188020833984375 0.55 0.191666666015625 0.543518517578125 0.191145833984375 0.5305555546875 0.183333333984375 0.518518517578125 0.1828125 0.50277777734375 0.172395833984375 0.49722222265625 0.172395833984375 0.485185185546875 0.155729166015625 0.485185185546875 0.1546875 0.493518517578125 0.152083333984375 0.4981481484375