0 0.716145833984375 0.3018518515625 0.7125 0.312037037109375 0.709895833984375 0.32777777734375 0.710416666015625 0.337037037109375 0.713020833984375 0.339814814453125 0.734895833984375 0.341666666015625 0.7546875 0.35462962890625 0.759375 0.35462962890625 0.763020833984375 0.341666666015625 0.761979166015625 0.3305555546875 0.755729166015625 0.314814814453125 0.754166666015625 0.292592591796875 0.75625 0.285185185546875 0.756770833984375 0.267592591796875 0.759895833984375 0.257407408203125 0.759895833984375 0.243518517578125 0.7546875 0.237037037109375 0.7453125 0.237037037109375 0.741666666015625 0.232407408203125 0.73125 0.22777777734375 0.7234375 0.22962962890625 0.716666666015625 0.22407407421875 0.711979166015625 0.228703703125 0.711979166015625 0.2555555546875 0.716145833984375 0.268518517578125 0.717708333984375 0.284259259765625 0.716145833984375 0.3018518515625
0 0.709895833984375 0.057407408203125 0.709895833984375 0.046296296875 0.70625 0.036111111328125 0.707291666015625 0.02777777734375 0.709895833984375 0.02592592578125 0.709895833984375 0.021296296875 0.705208333984375 0.010185185546875 0.6984375 0.0055555546875 0.682291666015625 0.00277777734375 0.677083333984375 0.012037037109375 0.677083333984375 0.0555555546875 0.700520833984375 0.062037037109375 0.707291666015625 0.062037037109375 0.709895833984375 0.057407408203125
0 0.599479166015625 0.62592592578125 0.611979166015625 0.635185185546875 0.622916666015625 0.65277777734375 0.627083333984375 0.65462962890625 0.6375 0.638888888671875 0.639583333984375 0.62777777734375 0.6375 0.613888888671875 0.655208333984375 0.585185185546875 0.6609375 0.5694444453125 0.6671875 0.563888888671875 0.672395833984375 0.55277777734375 0.675 0.539814814453125 0.674479166015625 0.515740740234375 0.680208333984375 0.516666666015625 0.682291666015625 0.52592592578125 0.686458333984375 0.5305555546875 0.6921875 0.52962962890625 0.70625 0.50277777734375 0.7078125 0.493518517578125 0.705729166015625 0.487037037109375 0.699479166015625 0.482407408203125 0.683333333984375 0.457407408203125 0.664583333984375 0.446296296875 0.65 0.4481481484375 0.643229166015625 0.462037037109375 0.6421875 0.486111111328125 0.632291666015625 0.493518517578125 0.624479166015625 0.513888888671875 0.608333333984375 0.538888888671875 0.5984375 0.563888888671875 0.59375 0.566666666015625 0.589583333984375 0.560185185546875 0.584895833984375 0.559259259765625 0.576041666015625 0.575 0.575520833984375 0.59537037109375 0.5890625 0.613888888671875 0.593229166015625 0.62592592578125 0.599479166015625 0.62592592578125
0 0.14375 0.65462962890625 0.153125 0.6555555546875 0.15625 0.6805555546875 0.1609375 0.685185185546875 0.186458333984375 0.685185185546875 0.188020833984375 0.682407408203125 0.208333333984375 0.6805555546875 0.218229166015625 0.687037037109375 0.230729166015625 0.67777777734375 0.2484375 0.67777777734375 0.255208333984375 0.6731481484375 0.255729166015625 0.662962962890625 0.265104166015625 0.62777777734375 0.2640625 0.607407408203125 0.261979166015625 0.60277777734375 0.258333333984375 0.60277777734375 0.255729166015625 0.5981481484375 0.253125 0.583333333984375 0.2453125 0.57592592578125 0.233333333984375 0.57777777734375 0.230208333984375 0.5694444453125 0.225 0.566666666015625 0.219791666015625 0.566666666015625 0.2125 0.5731481484375 0.209895833984375 0.587962962890625 0.209375 0.60462962890625 0.20625 0.607407408203125 0.194270833984375 0.607407408203125 0.184375 0.593518517578125 0.175 0.593518517578125 0.171875 0.588888888671875 0.166666666015625 0.588888888671875 0.1640625 0.591666666015625 0.1625 0.5981481484375 0.15625 0.60092592578125 0.1515625 0.607407408203125 0.147916666015625 0.618518517578125 0.138020833984375 0.621296296875 0.141145833984375 0.62962962890625 0.139583333984375 0.637037037109375 0.140104166015625 0.64907407421875 0.14375 0.65462962890625
0 0.3609375 0.9805555546875 0.360416666015625 0.987037037109375 0.3578125 0.989814814453125 0.358333333984375 0.993518517578125 0.361979166015625 0.993518517578125 0.364583333984375 0.9981481484375 0.397916666015625 0.996296296875 0.403125 0.992592591796875 0.407291666015625 0.984259259765625 0.411979166015625 0.982407408203125 0.4140625 0.97777777734375 0.4390625 0.971296296875 0.4453125 0.960185185546875 0.452083333984375 0.95462962890625 0.46875 0.9555555546875 0.480729166015625 0.95092592578125 0.503125 0.95092592578125 0.513020833984375 0.937037037109375 0.518229166015625 0.908333333984375 0.521354166015625 0.90277777734375 0.5234375 0.903703703125 0.525 0.912037037109375 0.528645833984375 0.907407408203125 0.5359375 0.9055555546875 0.5375 0.912037037109375 0.542708333984375 0.913888888671875 0.548958333984375 0.925 0.558854166015625 0.921296296875 0.572395833984375 0.907407408203125 0.586979166015625 0.9055555546875 0.59375 0.896296296875 0.59375 0.8805555546875 0.58125 0.821296296875 0.563020833984375 0.77222222265625 0.558854166015625 0.7694444453125 0.539583333984375 0.782407408203125 0.5265625 0.7805555546875 0.51875 0.787037037109375 0.513020833984375 0.79722222265625 0.5109375 0.813888888671875 0.498958333984375 0.8305555546875 0.49375 0.832407408203125 0.488541666015625 0.82777777734375 0.471354166015625 0.8305555546875 0.465625 0.843518517578125 0.452083333984375 0.85277777734375 0.443229166015625 0.8768518515625 0.433854166015625 0.887037037109375 0.414583333984375 0.896296296875 0.393229166015625 0.896296296875 0.386979166015625 0.885185185546875 0.3859375 0.87962962890625 0.3828125 0.882407408203125 0.382291666015625 0.886111111328125 0.382291666015625 0.890740740234375 0.384895833984375 0.8944444453125 0.384375 0.8981481484375 0.381770833984375 0.8981481484375 0.378125 0.9055555546875 0.375520833984375 0.9055555546875 0.3625 0.918518517578125 0.3578125 0.9194444453125 0.35625 0.9231481484375 0.355729166015625 0.934259259765625 0.359895833984375 0.962962962890625 0.358333333984375 0.9731481484375 0.3609375 0.9805555546875
0 0 0.946296296875 0.002083333984375 0.9481481484375 0.008333333984375 0.968518517578125 0.010416666015625 0.968518517578125 0.015104166015625 0.97592592578125 0.022916666015625 0.97777777734375 0.036458333984375 0.9731481484375 0.038020833984375 0.964814814453125 0.0421875 0.959259259765625 0.041666666015625 0.9555555546875 0.045833333984375 0.94537037109375 0.063541666015625 0.916666666015625 0.08125 0.913888888671875 0.166145833984375 0.916666666015625 0.171875 0.913888888671875 0.177083333984375 0.918518517578125 0.1859375 0.9194444453125 0.242708333984375 0.90092592578125 0.244791666015625 0.896296296875 0.245833333984375 0.884259259765625 0.25 0.87592592578125 0.25 0.868518517578125 0.2578125 0.85 0.257291666015625 0.837962962890625 0.260416666015625 0.807407408203125 0.257291666015625 0.79722222265625 0.255208333984375 0.763888888671875 0.245833333984375 0.762037037109375 0.2265625 0.766666666015625 0.2203125 0.762037037109375 0.205729166015625 0.762037037109375 0.202604166015625 0.763888888671875 0.199479166015625 0.77037037109375 0.197395833984375 0.796296296875 0.194791666015625 0.80092592578125 0.182291666015625 0.809259259765625 0.168229166015625 0.7944444453125 0.15625 0.793518517578125 0.153645833984375 0.8 0.151041666015625 0.796296296875 0.15 0.787037037109375 0.145833333984375 0.787962962890625 0.1390625 0.8 0.124479166015625 0.8055555546875 0.121354166015625 0.810185185546875 0.121354166015625 0.856481482421875 0.119270833984375 0.866666666015625 0.105729166015625 0.862962962890625 0.105729166015625 0.8305555546875 0.100520833984375 0.832407408203125 0.096875 0.840740740234375 0.095833333984375 0.837037037109375 0.093229166015625 0.837037037109375 0.0953125 0.841666666015625 0.091666666015625 0.843518517578125 0.093229166015625 0.8518518515625 0.091666666015625 0.866666666015625 0.044270833984375 0.866666666015625 0.043229166015625 0.8444444453125 0.039583333984375 0.838888888671875 0.023958333984375 0.837037037109375 0.0015625 0.839814814453125 0 0.841666666015625 0.0015625 0.843518517578125 0.0015625 0.85092592578125 0 0.85277777734375 0 0.946296296875
0 0.289583333984375 0.534259259765625 0.302083333984375 0.539814814453125 0.305729166015625 0.5481481484375 0.307291666015625 0.563888888671875 0.3125 0.568518517578125 0.318229166015625 0.568518517578125 0.324479166015625 0.560185185546875 0.326041666015625 0.543518517578125 0.325 0.535185185546875 0.327604166015625 0.5305555546875 0.344791666015625 0.516666666015625 0.356770833984375 0.518518517578125 0.375 0.509259259765625 0.386979166015625 0.5 0.39375 0.488888888671875 0.4046875 0.487037037109375 0.408854166015625 0.482407408203125 0.425 0.4805555546875 0.434895833984375 0.4694444453125 0.447916666015625 0.460185185546875 0.4484375 0.45092592578125 0.441145833984375 0.42777777734375 0.432291666015625 0.410185185546875 0.4265625 0.4055555546875 0.422395833984375 0.3981481484375 0.4171875 0.3981481484375 0.404166666015625 0.407407408203125 0.399479166015625 0.407407408203125 0.393229166015625 0.40277777734375 0.388020833984375 0.407407408203125 0.3859375 0.4305555546875 0.3796875 0.437037037109375 0.375520833984375 0.435185185546875 0.373958333984375 0.4305555546875 0.364583333984375 0.4305555546875 0.359895833984375 0.435185185546875 0.355729166015625 0.446296296875 0.35 0.446296296875 0.333854166015625 0.468518517578125 0.325 0.47407407421875 0.316666666015625 0.484259259765625 0.293229166015625 0.47962962890625 0.275 0.493518517578125 0.275 0.50277777734375 0.28125 0.508333333984375 0.2859375 0.5268518515625 0.289583333984375 0.534259259765625
0 0.041666666015625 0.6731481484375 0.042708333984375 0.666666666015625 0.040625 0.67777777734375 0.034895833984375 0.685185185546875 0.0375 0.688888888671875 0.044270833984375 0.687037037109375 0.044791666015625 0.67592592578125 0.041666666015625 0.6731481484375
0 0.138020833984375 0.6444444453125 0.138020833984375 0.65 0.143229166015625 0.6555555546875 0.153125 0.656481482421875 0.154166666015625 0.67222222265625 0.157291666015625 0.684259259765625 0.183333333984375 0.687037037109375 0.205729166015625 0.6805555546875 0.214583333984375 0.687037037109375 0.2203125 0.687037037109375 0.231770833984375 0.67777777734375 0.241145833984375 0.67962962890625 0.255208333984375 0.6731481484375 0.256770833984375 0.660185185546875 0.265104166015625 0.62962962890625 0.265104166015625 0.612037037109375 0.261979166015625 0.60277777734375 0.256770833984375 0.60092592578125 0.254166666015625 0.590740740234375 0.254166666015625 0.582407408203125 0.25 0.57777777734375 0.233333333984375 0.57777777734375 0.229166666015625 0.568518517578125 0.219270833984375 0.566666666015625 0.2125 0.5731481484375 0.209895833984375 0.585185185546875 0.209375 0.6 0.208333333984375 0.60462962890625 0.205208333984375 0.607407408203125 0.194791666015625 0.607407408203125 0.1859375 0.593518517578125 0.166145833984375 0.588888888671875 0.161458333984375 0.5981481484375 0.155729166015625 0.60092592578125 0.143229166015625 0.618518517578125 0.140104166015625 0.616666666015625 0.134895833984375 0.621296296875 0.127604166015625 0.621296296875 0.125 0.628703703125 0.124479166015625 0.637037037109375 0.126041666015625 0.639814814453125 0.134895833984375 0.638888888671875 0.138020833984375 0.6444444453125
0 0.4375 0.587037037109375 0.441145833984375 0.5981481484375 0.4375 0.609259259765625 0.440104166015625 0.612037037109375 0.45 0.610185185546875 0.455729166015625 0.613888888671875 0.460416666015625 0.62962962890625 0.467708333984375 0.632407408203125 0.472916666015625 0.62592592578125 0.475520833984375 0.616666666015625 0.476041666015625 0.590740740234375 0.48125 0.585185185546875 0.484375 0.585185185546875 0.488020833984375 0.57777777734375 0.491666666015625 0.57777777734375 0.495833333984375 0.5694444453125 0.5078125 0.5555555546875 0.522916666015625 0.546296296875 0.527604166015625 0.537037037109375 0.534895833984375 0.52962962890625 0.538541666015625 0.513888888671875 0.536458333984375 0.507407408203125 0.538541666015625 0.50277777734375 0.542708333984375 0.50277777734375 0.54375 0.512037037109375 0.549479166015625 0.521296296875 0.554166666015625 0.521296296875 0.563020833984375 0.507407408203125 0.572395833984375 0.50092592578125 0.578645833984375 0.488888888671875 0.579166666015625 0.4805555546875 0.5609375 0.45092592578125 0.558333333984375 0.45092592578125 0.544791666015625 0.4305555546875 0.5390625 0.42962962890625 0.531770833984375 0.438888888671875 0.520833333984375 0.435185185546875 0.513541666015625 0.4481481484375 0.5109375 0.47222222265625 0.505729166015625 0.47592592578125 0.4953125 0.47592592578125 0.489583333984375 0.4805555546875 0.483333333984375 0.4944444453125 0.48125 0.50462962890625 0.459895833984375 0.537037037109375 0.450520833984375 0.5444444453125 0.44375 0.543518517578125 0.438020833984375 0.537037037109375 0.43125 0.537037037109375 0.425 0.54722222265625 0.425 0.55092592578125 0.4203125 0.560185185546875 0.419791666015625 0.563888888671875 0.421875 0.568518517578125 0.428645833984375 0.5731481484375 0.4375 0.587037037109375
0 0.6265625 0.396296296875 0.636979166015625 0.40277777734375 0.644791666015625 0.413888888671875 0.6515625 0.412962962890625 0.655208333984375 0.40462962890625 0.655208333984375 0.396296296875 0.6515625 0.387962962890625 0.652083333984375 0.382407408203125 0.654166666015625 0.3805555546875 0.6578125 0.363888888671875 0.6625 0.35462962890625 0.664583333984375 0.339814814453125 0.6703125 0.32777777734375 0.6703125 0.3231481484375 0.675 0.321296296875 0.680729166015625 0.312037037109375 0.68125 0.288888888671875 0.6796875 0.285185185546875 0.661979166015625 0.271296296875 0.653125 0.268518517578125 0.6359375 0.2694444453125 0.6328125 0.27592592578125 0.63125 0.30277777734375 0.618229166015625 0.35277777734375 0.615625 0.357407408203125 0.605729166015625 0.357407408203125 0.6015625 0.3694444453125 0.601041666015625 0.384259259765625 0.6078125 0.391666666015625 0.622916666015625 0.388888888671875 0.6265625 0.396296296875