0 0.437037037109375 0.502083333984375 0.437037037109375 0.505208333984375 0.42962962890625 0.507291666015625 0.412037037109375 0.50625 0.407407408203125 0.508333333984375 0.40277777734375 0.516666666015625 0.40277777734375 0.533333333984375 0.393518517578125 0.536458333984375 0.393518517578125 0.544791666015625 0.40092592578125 0.545833333984375 0.40277777734375 0.550520833984375 0.40092592578125 0.5546875 0.4055555546875 0.56875 0.434259259765625 0.569791666015625 0.435185185546875 0.5765625 0.441666666015625 0.582291666015625 0.441666666015625 0.596354166015625 0.44722222265625 0.6 0.459259259765625 0.603645833984375 0.47407407421875 0.605208333984375 0.518518517578125 0.605729166015625 0.52592592578125 0.602604166015625 0.52592592578125 0.590104166015625 0.521296296875 0.581770833984375 0.521296296875 0.5 0.52592592578125 0.494270833984375 0.52592592578125 0.48125 0.518518517578125 0.475520833984375 0.466666666015625 0.474479166015625 0.4481481484375 0.477604166015625 0.446296296875 0.48125 0.441666666015625 0.482291666015625 0.441666666015625 0.497916666015625 0.437037037109375 0.502083333984375
0 0.107407408203125 0.4359375 0.093518517578125 0.4421875 0.088888888671875 0.454166666015625 0.093518517578125 0.458854166015625 0.0944444453125 0.4640625 0.1055555546875 0.469791666015625 0.106481482421875 0.475520833984375 0.1305555546875 0.4765625 0.134259259765625 0.475 0.1305555546875 0.4375 0.107407408203125 0.4359375
0 0.971296296875 0.330729166015625 0.971296296875 0.299479166015625 0.975 0.296354166015625 0.986111111328125 0.29375 0.9981481484375 0.2859375 0.996296296875 0.243229166015625 0.988888888671875 0.230729166015625 0.988888888671875 0.213020833984375 0.993518517578125 0.202083333984375 0.9944444453125 0.183333333984375 0.993518517578125 0.1125 0.9805555546875 0.063541666015625 0.9805555546875 0.047395833984375 0.97037037109375 0.048958333984375 0.95092592578125 0.0484375 0.943518517578125 0.050520833984375 0.937037037109375 0.069270833984375 0.9444444453125 0.070833333984375 0.9481481484375 0.073958333984375 0.94722222265625 0.079166666015625 0.918518517578125 0.079166666015625 0.90092592578125 0.081770833984375 0.882407408203125 0.088541666015625 0.8731481484375 0.094791666015625 0.868518517578125 0.103125 0.868518517578125 0.129166666015625 0.887037037109375 0.140104166015625 0.884259259765625 0.16875 0.87962962890625 0.175520833984375 0.864814814453125 0.175520833984375 0.8481481484375 0.1859375 0.838888888671875 0.182291666015625 0.835185185546875 0.182291666015625 0.832407408203125 0.185416666015625 0.832407408203125 0.197395833984375 0.8444444453125 0.200520833984375 0.8481481484375 0.227604166015625 0.846296296875 0.230208333984375 0.837962962890625 0.233333333984375 0.8231481484375 0.227083333984375 0.816666666015625 0.227083333984375 0.812037037109375 0.230208333984375 0.809259259765625 0.240625 0.809259259765625 0.267708333984375 0.806481482421875 0.269270833984375 0.8 0.269270833984375 0.793518517578125 0.265104166015625 0.788888888671875 0.265625 0.788888888671875 0.26875 0.778703703125 0.28125 0.77037037109375 0.280208333984375 0.764814814453125 0.2734375 0.760185185546875 0.275 0.760185185546875 0.294791666015625 0.762962962890625 0.299479166015625 0.768518517578125 0.297916666015625 0.768518517578125 0.294791666015625 0.7731481484375 0.291145833984375 0.77592592578125 0.292708333984375 0.766666666015625 0.336458333984375 0.766666666015625 0.374479166015625 0.771296296875 0.38125 0.7694444453125 0.405729166015625 0.7731481484375 0.4375 0.782407408203125 0.440104166015625 0.788888888671875 0.4453125 0.818518517578125 0.44375 0.834259259765625 0.441145833984375 0.837962962890625 0.4390625 0.843518517578125 0.445833333984375 0.846296296875 0.456770833984375 0.85277777734375 0.4609375 0.864814814453125 0.464583333984375 0.87592592578125 0.466666666015625 0.90277777734375 0.466666666015625 0.9305555546875 0.4640625 0.9481481484375 0.459375 0.957407408203125 0.454166666015625 0.963888888671875 0.447395833984375 0.963888888671875 0.415104166015625 0.960185185546875 0.411458333984375 0.939814814453125 0.4015625 0.941666666015625 0.390104166015625 0.9481481484375 0.3703125 0.957407408203125 0.361458333984375 0.968518517578125 0.340625 0.971296296875 0.330729166015625
0 0.135185185546875 0.4359375 0.137037037109375 0.390625 0.12777777734375 0.388020833984375 0.111111111328125 0.389583333984375 0.103703703125 0.397916666015625 0.096296296875 0.400520833984375 0.096296296875 0.408333333984375 0.093518517578125 0.4109375 0.096296296875 0.425520833984375 0.1055555546875 0.427604166015625 0.115740740234375 0.436979166015625 0.12962962890625 0.4375 0.135185185546875 0.4359375
0 0.085185185546875 0.455729166015625 0.071296296875 0.456770833984375 0.0694444453125 0.461458333984375 0.060185185546875 0.469270833984375 0.059259259765625 0.4734375 0.060185185546875 0.484895833984375 0.07592592578125 0.497916666015625 0.092592591796875 0.4984375 0.0944444453125 0.496875 0.091666666015625 0.459375 0.085185185546875 0.455729166015625
0 0 0.426041666015625 0.00462962890625 0.426041666015625 0.010185185546875 0.423958333984375 0.012037037109375 0.398958333984375 0.009259259765625 0.390104166015625 0 0.389583333984375 0 0.426041666015625
0 0.1731481484375 0.546354166015625 0.17407407421875 0.550520833984375 0.182407408203125 0.5546875 0.187037037109375 0.56875 0.192592591796875 0.571354166015625 0.207407408203125 0.572395833984375 0.210185185546875 0.553645833984375 0.213888888671875 0.551041666015625 0.218518517578125 0.540625 0.2231481484375 0.5375 0.2231481484375 0.508854166015625 0.218518517578125 0.505729166015625 0.187037037109375 0.506770833984375 0.182407408203125 0.5171875 0.171296296875 0.5296875 0.1731481484375 0.533333333984375 0.168518517578125 0.538541666015625 0.168518517578125 0.54375 0.1731481484375 0.546354166015625
0 0 0.444791666015625 0.007407408203125 0.456770833984375 0.018518517578125 0.458333333984375 0.018518517578125 0.440625 0.021296296875 0.4328125 0.018518517578125 0.427083333984375 0.013888888671875 0.425520833984375 0.0055555546875 0.425520833984375 0 0.427604166015625 0 0.444791666015625
0 0.4555555546875 0.475520833984375 0.460185185546875 0.472916666015625 0.464814814453125 0.446354166015625 0.463888888671875 0.443229166015625 0.457407408203125 0.439583333984375 0.45092592578125 0.4375 0.437037037109375 0.436458333984375 0.409259259765625 0.436979166015625 0.393518517578125 0.4390625 0.391666666015625 0.460416666015625 0.385185185546875 0.4625 0.384259259765625 0.4703125 0.3768518515625 0.471354166015625 0.375 0.465104166015625 0.371296296875 0.463541666015625 0.357407408203125 0.464583333984375 0.3555555546875 0.490104166015625 0.3518518515625 0.4921875 0.34907407421875 0.490625 0.346296296875 0.491666666015625 0.343518517578125 0.502083333984375 0.3481481484375 0.503125 0.34722222265625 0.5046875 0.35092592578125 0.502083333984375 0.3555555546875 0.503645833984375 0.3555555546875 0.521354166015625 0.359259259765625 0.525 0.375 0.525520833984375 0.37777777734375 0.5234375 0.385185185546875 0.525520833984375 0.387037037109375 0.534375 0.393518517578125 0.530729166015625 0.403703703125 0.53125 0.40277777734375 0.516145833984375 0.4055555546875 0.508854166015625 0.413888888671875 0.505208333984375 0.4305555546875 0.50625 0.435185185546875 0.5046875 0.441666666015625 0.4921875 0.441666666015625 0.478125 0.4555555546875 0.475520833984375
0 0.163888888671875 0.561979166015625 0.182407408203125 0.5625 0.181481482421875 0.553645833984375 0.164814814453125 0.54375 0.171296296875 0.535416666015625 0.171296296875 0.5265625 0.182407408203125 0.514583333984375 0.182407408203125 0.505729166015625 0.164814814453125 0.50625 0.158333333984375 0.516666666015625 0.146296296875 0.51875 0.143518517578125 0.520833333984375 0.143518517578125 0.547916666015625 0.159259259765625 0.553125 0.163888888671875 0.561979166015625
0 0.046296296875 0.470833333984375 0.0555555546875 0.471354166015625 0.060185185546875 0.467708333984375 0.062037037109375 0.434895833984375 0.057407408203125 0.4328125 0.046296296875 0.433333333984375 0.038888888671875 0.436458333984375 0.034259259765625 0.436458333984375 0.038888888671875 0.439583333984375 0.037037037109375 0.446354166015625 0.032407408203125 0.45 0.038888888671875 0.460416666015625 0.038888888671875 0.466666666015625 0.035185185546875 0.467708333984375 0.046296296875 0.470833333984375
0 0.02592592578125 0.46875 0.039814814453125 0.468229166015625 0.039814814453125 0.458854166015625 0.037037037109375 0.4546875 0.039814814453125 0.447395833984375 0.038888888671875 0.4359375 0.035185185546875 0.433854166015625 0.02592592578125 0.433854166015625 0.021296296875 0.4359375 0.016666666015625 0.445833333984375 0.013888888671875 0.456770833984375 0.018518517578125 0.458854166015625 0.0231481484375 0.4671875 0.02592592578125 0.46875
0 0.2305555546875 0.590104166015625 0.233333333984375 0.6015625 0.271296296875 0.602604166015625 0.275 0.600520833984375 0.2731481484375 0.525520833984375 0.268518517578125 0.5234375 0.243518517578125 0.5234375 0.234259259765625 0.525520833984375 0.2305555546875 0.528645833984375 0.2305555546875 0.536458333984375 0.218518517578125 0.541666666015625 0.212037037109375 0.551041666015625 0.210185185546875 0.581770833984375 0.22037037109375 0.582291666015625 0.2231481484375 0.586458333984375 0.2305555546875 0.590104166015625