0 0.791666666015625 0.712037037109375 0.799479166015625 0.712037037109375 0.7953125 0.710185185546875 0.791666666015625 0.712037037109375
0 0.78125 0.7055555546875 0.783333333984375 0.70462962890625 0.788020833984375 0.6981481484375 0.782291666015625 0.6944444453125 0.778645833984375 0.6981481484375 0.7796875 0.70092592578125 0.777083333984375 0.7055555546875 0.780729166015625 0.70277777734375 0.78125 0.7055555546875
0 0.797395833984375 0.685185185546875 0.795833333984375 0.684259259765625 0.7921875 0.685185185546875 0.793229166015625 0.691666666015625 0.796875 0.688888888671875 0.797395833984375 0.685185185546875
0 0.759375 0.713888888671875 0.764583333984375 0.7194444453125 0.772916666015625 0.713888888671875 0.775520833984375 0.709259259765625 0.772916666015625 0.7018518515625 0.776041666015625 0.6944444453125 0.774479166015625 0.693518517578125 0.774479166015625 0.688888888671875 0.78109434765625 0.687505322265625 0.780729166015625 0.684259259765625 0.775 0.6805555546875 0.773958333984375 0.690740740234375 0.769270833984375 0.692592591796875 0.76875 0.684259259765625 0.7671875 0.687037037109375 0.7640625 0.685185185546875 0.763541666015625 0.691666666015625 0.761458333984375 0.691666666015625 0.759895833984375 0.6981481484375 0.747395833984375 0.696296296875 0.745833333984375 0.691666666015625 0.743229166015625 0.691666666015625 0.743229166015625 0.696296296875 0.740104166015625 0.70092592578125 0.740104166015625 0.709259259765625 0.753125 0.713888888671875 0.7546875 0.716666666015625 0.759375 0.713888888671875
0 0.775520833984375 0.671296296875 0.778645833984375 0.67592592578125 0.78125 0.671296296875 0.775520833984375 0.671296296875
0 0.761458333984375 0.65277777734375 0.766145833984375 0.65462962890625 0.764583333984375 0.64907407421875 0.761458333984375 0.65277777734375
0 0.764583333984375 0.635185185546875 0.7578125 0.635185185546875 0.755729166015625 0.640740740234375 0.759895833984375 0.6481481484375 0.769270833984375 0.643518517578125 0.764583333984375 0.635185185546875
0 0.7841796875 0.59375 0.00390625 0.0009765625
0 0.523958333984375 0.591666666015625 0.530729166015625 0.587037037109375 0.524479166015625 0.587037037109375 0.523958333984375 0.591666666015625
0 0.132291666015625 0.533333333984375 0.133333333984375 0.535185185546875 0.1359375 0.532407408203125 0.132291666015625 0.533333333984375
0 0.145833333984375 0.5305555546875 0.144270833984375 0.532407408203125 0.147395833984375 0.535185185546875 0.147916666015625 0.5305555546875 0.145833333984375 0.5305555546875
0 0.1375 0.532407408203125 0.142708333984375 0.532407408203125 0.139583333984375 0.5305555546875 0.1375 0.532407408203125
0 0.79296875 0.525390625 0.0009765625 0.001953125
0 0.167708333984375 0.507407408203125 0.163020833984375 0.507407408203125 0.1625 0.514814814453125 0.1640625 0.516666666015625 0.170833333984375 0.514814814453125 0.167708333984375 0.507407408203125
0 0.920833333984375 0.507407408203125 0.922395833984375 0.507407408203125 0.921875 0.5055555546875 0.920833333984375 0.507407408203125
0 0.171875 0.489814814453125 0.170833333984375 0.482407408203125 0.161979166015625 0.47592592578125 0.15 0.4768518515625 0.15 0.487037037109375 0.159895833984375 0.488888888671875 0.1609375 0.491666666015625 0.171875 0.489814814453125
0 0.929166666015625 0.4731481484375 0.927604166015625 0.471296296875 0.926041666015625 0.4731481484375 0.927083333984375 0.47962962890625 0.928645833984375 0.47962962890625 0.929166666015625 0.4731481484375
0 0.1453125 0.463888888671875 0.144791666015625 0.466666666015625 0.1546875 0.466666666015625 0.154166666015625 0.460185185546875 0.1453125 0.463888888671875
0 0.920833333984375 0.4555555546875 0.919270833984375 0.459259259765625 0.922395833984375 0.460185185546875 0.925 0.457407408203125 0.920833333984375 0.4555555546875
0 0.155729166015625 0.4481481484375 0.154166666015625 0.441666666015625 0.150520833984375 0.438888888671875 0.146875 0.441666666015625 0.145833333984375 0.446296296875 0.15 0.4555555546875 0.154166666015625 0.457407408203125 0.155729166015625 0.4481481484375
0 0.844791666015625 0.50092592578125 0.8625 0.50092592578125 0.872395833984375 0.493518517578125 0.897395833984375 0.496296296875 0.903125 0.492592591796875 0.910416666015625 0.4805555546875 0.9109375 0.464814814453125 0.913541666015625 0.4555555546875 0.9046875 0.443518517578125 0.894791666015625 0.435185185546875 0.872916666015625 0.434259259765625 0.8625 0.42777777734375 0.853645833984375 0.42592592578125 0.842708333984375 0.42592592578125 0.8390625 0.42777777734375 0.835416666015625 0.435185185546875 0.835416666015625 0.484259259765625 0.838020833984375 0.493518517578125 0.843229166015625 0.496296296875 0.844791666015625 0.50092592578125
0 0.7828125 0.413888888671875 0.785416666015625 0.416666666015625 0.7875 0.413888888671875 0.7828125 0.413888888671875
0 0.164583333984375 0.416666666015625 0.15625 0.413888888671875 0.15 0.413888888671875 0.15 0.4194444453125 0.1609375 0.421296296875 0.164583333984375 0.416666666015625
0 0.015104166015625 0.507407408203125 0.0203125 0.513888888671875 0.036458333984375 0.518518517578125 0.038020833984375 0.50092592578125 0.0375 0.47592592578125 0.034375 0.468518517578125 0.029166666015625 0.465740740234375 0.03125 0.459259259765625 0.030208333984375 0.45277777734375 0.019791666015625 0.45092592578125 0.01875 0.438888888671875 0.015104166015625 0.437037037109375 0.013020833984375 0.432407408203125 0.01875 0.4305555546875 0.01875 0.416666666015625 0.015104166015625 0.413888888671875 0.007291666015625 0.413888888671875 0.00625 0.425 0.009895833984375 0.4268518515625 0.010416666015625 0.4305555546875 0.005729166015625 0.442592591796875 0.003125 0.4444444453125 0.003645833984375 0.4555555546875 0.0015625 0.462962962890625 0.003125 0.4731481484375 0.001041666015625 0.4805555546875 0.008854166015625 0.50462962890625 0.015104166015625 0.507407408203125
0 0.8484375 0.40092592578125 0.845833333984375 0.40277777734375 0.847916666015625 0.407407408203125 0.849479166015625 0.40462962890625 0.8484375 0.40092592578125
0 0.8484375 0.387037037109375 0.85 0.387037037109375 0.849479166015625 0.385185185546875 0.8484375 0.387037037109375
0 0.143229166015625 0.37777777734375 0.147916666015625 0.37592592578125 0.143229166015625 0.375 0.143229166015625 0.37777777734375
0 0.15625 0.364814814453125 0.152083333984375 0.363888888671875 0.149479166015625 0.364814814453125 0.151041666015625 0.368518517578125 0.156770833984375 0.368518517578125 0.15625 0.364814814453125
0 0.1546875 0.341666666015625 0.15 0.341666666015625 0.149479166015625 0.3481481484375 0.151041666015625 0.35092592578125 0.1546875 0.35092592578125 0.1546875 0.341666666015625
0 0.526041666015625 0.337037037109375 0.53125 0.337037037109375 0.528645833984375 0.335185185546875 0.526041666015625 0.337037037109375
0 0.213020833984375 0.439814814453125 0.205729166015625 0.446296296875 0.206770833984375 0.457407408203125 0.202083333984375 0.503703703125 0.202083333984375 0.528703703125 0.205729166015625 0.539814814453125 0.203645833984375 0.575 0.204166666015625 0.62592592578125 0.206770833984375 0.634259259765625 0.215625 0.638888888671875 0.2203125 0.646296296875 0.228125 0.65 0.234375 0.660185185546875 0.240104166015625 0.662962962890625 0.241666666015625 0.668518517578125 0.250520833984375 0.6731481484375 0.257291666015625 0.671296296875 0.26875 0.675 0.269791666015625 0.662037037109375 0.271875 0.659259259765625 0.279166666015625 0.67592592578125 0.322916666015625 0.67592592578125 0.327083333984375 0.671296296875 0.336458333984375 0.671296296875 0.3375 0.666666666015625 0.340625 0.666666666015625 0.356770833984375 0.6731481484375 0.371875 0.6731481484375 0.3828125 0.685185185546875 0.389583333984375 0.687037037109375 0.424479166015625 0.687037037109375 0.4375 0.662037037109375 0.4421875 0.632407408203125 0.44375 0.607407408203125 0.443229166015625 0.5944444453125 0.439583333984375 0.586111111328125 0.4375 0.5694444453125 0.43125 0.557407408203125 0.430208333984375 0.5481481484375 0.425520833984375 0.533333333984375 0.4234375 0.513888888671875 0.4265625 0.47592592578125 0.429166666015625 0.4731481484375 0.431770833984375 0.462037037109375 0.436458333984375 0.460185185546875 0.443229166015625 0.462037037109375 0.447395833984375 0.468518517578125 0.4453125 0.516666666015625 0.450520833984375 0.52962962890625 0.469791666015625 0.557407408203125 0.476041666015625 0.557407408203125 0.480208333984375 0.546296296875 0.48125 0.537962962890625 0.486458333984375 0.52777777734375 0.495833333984375 0.514814814453125 0.5046875 0.509259259765625 0.5171875 0.509259259765625 0.527083333984375 0.513888888671875 0.535416666015625 0.521296296875 0.543229166015625 0.537037037109375 0.541145833984375 0.5555555546875 0.536458333984375 0.562037037109375 0.533333333984375 0.571296296875 0.535416666015625 0.5731481484375 0.5359375 0.57777777734375 0.532291666015625 0.5805555546875 0.535416666015625 0.57962962890625 0.5421875 0.585185185546875 0.547916666015625 0.5981481484375 0.5484375 0.612037037109375 0.5390625 0.62777777734375 0.534895833984375 0.646296296875 0.522395833984375 0.659259259765625 0.518229166015625 0.657407408203125 0.508333333984375 0.663888888671875 0.500520833984375 0.688888888671875 0.503645833984375 0.691666666015625 0.510416666015625 0.691666666015625 0.5171875 0.688888888671875 0.55 0.689814814453125 0.576041666015625 0.687037037109375 0.5859375 0.6731481484375 0.597395833984375 0.637037037109375 0.609375 0.612037037109375 0.621354166015625 0.5981481484375 0.630729166015625 0.5981481484375 0.640104166015625 0.590740740234375 0.642708333984375 0.582407408203125 0.659895833984375 0.55462962890625 0.6640625 0.537037037109375 0.674479166015625 0.513888888671875 0.682291666015625 0.510185185546875 0.692708333984375 0.52592592578125 0.695833333984375 0.52592592578125 0.696875 0.516666666015625 0.7 0.509259259765625 0.699479166015625 0.49907407421875 0.702604166015625 0.487037037109375 0.705208333984375 0.49907407421875 0.7046875 0.517592591796875 0.706770833984375 0.52962962890625 0.702604166015625 0.532407408203125 0.699479166015625 0.546296296875 0.699479166015625 0.5555555546875 0.706770833984375 0.571296296875 0.7078125 0.57777777734375 0.711458333984375 0.582407408203125 0.7125 0.590740740234375 0.719791666015625 0.60462962890625 0.733854166015625 0.617592591796875 0.7375 0.625 0.733854166015625 0.62962962890625 0.727083333984375 0.6305555546875 0.722916666015625 0.632407408203125 0.722395833984375 0.635185185546875 0.7125 0.638888888671875 0.70625 0.646296296875 0.705208333984375 0.660185185546875 0.702604166015625 0.668518517578125 0.7203125 0.668518517578125 0.722395833984375 0.671296296875 0.721354166015625 0.67592592578125 0.714583333984375 0.67777777734375 0.710416666015625 0.684259259765625 0.702083333984375 0.682407408203125 0.7015625 0.685185185546875 0.711979166015625 0.693518517578125 0.7125 0.70277777734375 0.702083333984375 0.7055555546875 0.702083333984375 0.713888888671875 0.702604166015625 0.718518517578125 0.705208333984375 0.721296296875 0.70625 0.732407408203125 0.7125 0.738888888671875 0.717708333984375 0.737037037109375 0.716666666015625 0.7268518515625 0.7203125 0.7231481484375 0.721875 0.716666666015625 0.7265625 0.725 0.726041666015625 0.72222222265625 0.728645833984375 0.716666666015625 0.727604166015625 0.710185185546875 0.734375 0.70092592578125 0.734895833984375 0.689814814453125 0.732291666015625 0.683333333984375 0.7375 0.67777777734375 0.7359375 0.675 0.7375 0.67407407421875 0.736979166015625 0.671296296875 0.741145833984375 0.671296296875 0.743229166015625 0.660185185546875 0.74375 0.642592591796875 0.747395833984375 0.638888888671875 0.749479166015625 0.6305555546875 0.747916666015625 0.62592592578125 0.749479166015625 0.617592591796875 0.755208333984375 0.609259259765625 0.7578125 0.5981481484375 0.765104166015625 0.5981481484375 0.765104166015625 0.587037037109375 0.763020833984375 0.584259259765625 0.764583333984375 0.5805555546875 0.757291666015625 0.5768518515625 0.759895833984375 0.5731481484375 0.75625 0.566666666015625 0.757291666015625 0.563888888671875 0.760416666015625 0.563888888671875 0.761458333984375 0.560185185546875 0.757291666015625 0.560185185546875 0.755729166015625 0.5555555546875 0.758333333984375 0.543518517578125 0.7671875 0.537037037109375 0.76875 0.525 0.769791666015625 0.52777777734375 0.7765625 0.52592592578125 0.7875 0.52962962890625 0.788541666015625 0.52222222265625 0.791145833984375 0.521296296875 0.794791666015625 0.513888888671875 0.794270833984375 0.496296296875 0.803645833984375 0.484259259765625 0.8046875 0.466666666015625 0.803645833984375 0.4555555546875 0.801041666015625 0.4481481484375 0.8 0.446296296875 0.796875 0.45092592578125 0.794791666015625 0.4481481484375 0.794270833984375 0.437962962890625 0.796875 0.4305555546875 0.796354166015625 0.42407407421875 0.788020833984375 0.418518517578125 0.775 0.418518517578125 0.772916666015625 0.414814814453125 0.761458333984375 0.412037037109375 0.7515625 0.39722222265625 0.751041666015625 0.391666666015625 0.747916666015625 0.393518517578125 0.744791666015625 0.388888888671875 0.7546875 0.37592592578125 0.753645833984375 0.371296296875 0.748958333984375 0.368518517578125 0.7421875 0.371296296875 0.736458333984375 0.368518517578125 0.734375 0.3731481484375 0.7234375 0.3694444453125 0.722395833984375 0.37592592578125 0.725 0.382407408203125 0.71875 0.387037037109375 0.716666666015625 0.3981481484375 0.713020833984375 0.3944444453125 0.7125 0.381481482421875 0.7140625 0.371296296875 0.709895833984375 0.368518517578125 0.694791666015625 0.368518517578125 0.688541666015625 0.37777777734375 0.684375 0.392592591796875 0.670833333984375 0.3944444453125 0.656770833984375 0.391666666015625 0.642708333984375 0.3694444453125 0.613020833984375 0.364814814453125 0.567708333984375 0.3731481484375 0.556770833984375 0.3731481484375 0.549479166015625 0.368518517578125 0.535416666015625 0.368518517578125 0.5296875 0.371296296875 0.519270833984375 0.368518517578125 0.472916666015625 0.368518517578125 0.460416666015625 0.3694444453125 0.450520833984375 0.37592592578125 0.4453125 0.375 0.44375 0.371296296875 0.429166666015625 0.3731481484375 0.405729166015625 0.368518517578125 0.363541666015625 0.366666666015625 0.3640625 0.3481481484375 0.377083333984375 0.35092592578125 0.384375 0.346296296875 0.39375 0.346296296875 0.3953125 0.343518517578125 0.39375 0.337037037109375 0.3890625 0.334259259765625 0.389583333984375 0.3305555546875 0.3875 0.32407407421875 0.383333333984375 0.321296296875 0.373958333984375 0.321296296875 0.368229166015625 0.32592592578125 0.3515625 0.32777777734375 0.347916666015625 0.339814814453125 0.345659896484375 0.335185185546875 0.331770833984375 0.335185185546875 0.328645833984375 0.332407408203125 0.318229166015625 0.332407408203125 0.306770833984375 0.337037037109375 0.308854166015625 0.3444444453125 0.304166666015625 0.341666666015625 0.3060265625 0.3694444453125 0.2953125 0.3694444453125 0.289583333984375 0.37777777734375 0.286979166015625 0.371296296875 0.283854166015625 0.3694444453125 0.247916666015625 0.3731481484375 0.233333333984375 0.3731481484375 0.227083333984375 0.3694444453125 0.213020833984375 0.3731481484375 0.209375 0.371296296875 0.206770833984375 0.37407407421875 0.2078125 0.384259259765625 0.204166666015625 0.40277777734375 0.205729166015625 0.42222222265625 0.207291666015625 0.42592592578125 0.210416666015625 0.4268518515625 0.213020833984375 0.439814814453125
0 0.720833333984375 0.343518517578125 0.719791666015625 0.337037037109375 0.723958333984375 0.337037037109375 0.726041666015625 0.346296296875 0.7375 0.346296296875 0.744791666015625 0.341666666015625 0.742708333984375 0.333333333984375 0.746875 0.3231481484375 0.751041666015625 0.321296296875 0.751041666015625 0.316666666015625 0.744270833984375 0.318518517578125 0.740104166015625 0.310185185546875 0.741145833984375 0.3055555546875 0.730729166015625 0.30092592578125 0.7265625 0.30277777734375 0.721875 0.313888888671875 0.719791666015625 0.313888888671875 0.7171875 0.3231481484375 0.716666666015625 0.337037037109375 0.715104166015625 0.339814814453125 0.716666666015625 0.346296296875 0.720833333984375 0.343518517578125
0 0.036458333984375 0.293518517578125 0.0328125 0.288888888671875 0.022395833984375 0.289814814453125 0.022395833984375 0.293518517578125 0.030208333984375 0.3 0.034375 0.29907407421875 0.036458333984375 0.293518517578125
0 0.2125 0.343518517578125 0.2359375 0.343518517578125 0.240625 0.338888888671875 0.272395833984375 0.32777777734375 0.275 0.3231481484375 0.273958333984375 0.316666666015625 0.275520833984375 0.311111111328125 0.278645833984375 0.307407408203125 0.280729166015625 0.312037037109375 0.282291666015625 0.32592592578125 0.293229166015625 0.32777777734375 0.3109375 0.321296296875 0.333333333984375 0.318518517578125 0.338020833984375 0.314814814453125 0.353645833984375 0.313888888671875 0.364583333984375 0.307407408203125 0.376041666015625 0.307407408203125 0.377604166015625 0.3 0.374479166015625 0.288888888671875 0.3671875 0.284259259765625 0.305208333984375 0.282407408203125 0.277083333984375 0.285185185546875 0.275 0.291666666015625 0.273958333984375 0.288888888671875 0.218229166015625 0.291666666015625 0.207291666015625 0.2944444453125 0.2046875 0.3018518515625 0.204166666015625 0.32222222265625 0.205729166015625 0.3305555546875 0.2109375 0.337037037109375 0.2125 0.343518517578125
0 0.4109375 0.30092592578125 0.4125 0.310185185546875 0.405208333984375 0.3194444453125 0.405729166015625 0.334259259765625 0.403125 0.341666666015625 0.4125 0.3481481484375 0.4390625 0.346296296875 0.442708333984375 0.343518517578125 0.4515625 0.3481481484375 0.506770833984375 0.3481481484375 0.509375 0.32592592578125 0.523958333984375 0.3194444453125 0.5234375 0.313888888671875 0.519270833984375 0.310185185546875 0.51875 0.3055555546875 0.511979166015625 0.30462962890625 0.511979166015625 0.296296296875 0.508333333984375 0.291666666015625 0.5046875 0.296296296875 0.501041666015625 0.293518517578125 0.488020833984375 0.293518517578125 0.472395833984375 0.2981481484375 0.452604166015625 0.309259259765625 0.436979166015625 0.307407408203125 0.425520833984375 0.310185185546875 0.4203125 0.3055555546875 0.419791666015625 0.296296296875 0.4109375 0.27777777734375 0.404166666015625 0.2731481484375 0.4 0.281481482421875 0.4015625 0.296296296875 0.404166666015625 0.30092592578125 0.4109375 0.30092592578125
0 0.48125 0.27962962890625 0.494270833984375 0.27777777734375 0.500520833984375 0.2731481484375 0.51875 0.271296296875 0.524479166015625 0.266666666015625 0.5359375 0.268518517578125 0.541145833984375 0.27777777734375 0.538020833984375 0.281481482421875 0.5359375 0.288888888671875 0.532291666015625 0.291666666015625 0.5296875 0.316666666015625 0.527604166015625 0.318518517578125 0.53125 0.32407407421875 0.533333333984375 0.335185185546875 0.531770833984375 0.343518517578125 0.533333333984375 0.346296296875 0.542708333984375 0.34907407421875 0.552604166015625 0.346296296875 0.557291666015625 0.3481481484375 0.571354166015625 0.343518517578125 0.580729166015625 0.35092592578125 0.584895833984375 0.35092592578125 0.594270833984375 0.346296296875 0.61875 0.3481481484375 0.619791666015625 0.3444444453125 0.618229166015625 0.337037037109375 0.614583333984375 0.334259259765625 0.609375 0.3231481484375 0.5890625 0.292592591796875 0.5859375 0.282407408203125 0.565625 0.243518517578125 0.536979166015625 0.241666666015625 0.5296875 0.238888888671875 0.523958333984375 0.232407408203125 0.500520833984375 0.232407408203125 0.491666666015625 0.259259259765625 0.480729166015625 0.257407408203125 0.468229166015625 0.260185185546875 0.4671875 0.262962962890625 0.4703125 0.271296296875 0.479166666015625 0.2731481484375 0.48125 0.27962962890625