0 0.519791666015625 0.1055555546875 0.516666666015625 0.0981481484375 0.507291666015625 0.0981481484375 0.5015625 0.108333333984375 0.501041666015625 0.121296296875 0.51875 0.121296296875 0.519791666015625 0.116666666015625 0.519791666015625 0.1055555546875
0 0.644791666015625 0.616666666015625 0.648958333984375 0.618518517578125 0.656770833984375 0.634259259765625 0.665625 0.641666666015625 0.692708333984375 0.643518517578125 0.708854166015625 0.637037037109375 0.708854166015625 0.632407408203125 0.702604166015625 0.616666666015625 0.699479166015625 0.60277777734375 0.688020833984375 0.60277777734375 0.681770833984375 0.587962962890625 0.678645833984375 0.585185185546875 0.675 0.587037037109375 0.666145833984375 0.57962962890625 0.6609375 0.566666666015625 0.654166666015625 0.559259259765625 0.653645833984375 0.55277777734375 0.65 0.5444444453125 0.628125 0.5481481484375 0.626041666015625 0.55092592578125 0.625 0.565740740234375 0.619270833984375 0.5694444453125 0.61875 0.5805555546875 0.620833333984375 0.592592591796875 0.6359375 0.596296296875 0.644791666015625 0.616666666015625
0 0.520833333984375 0.207407408203125 0.520833333984375 0.193518517578125 0.516145833984375 0.1805555546875 0.506770833984375 0.17962962890625 0.503645833984375 0.186111111328125 0.500520833984375 0.187962962890625 0.495833333984375 0.20092592578125 0.4953125 0.212037037109375 0.496875 0.213888888671875 0.519270833984375 0.213888888671875 0.520833333984375 0.207407408203125
0 0.470833333984375 0.20277777734375 0.473958333984375 0.191666666015625 0.4734375 0.182407408203125 0.4671875 0.168518517578125 0.459895833984375 0.1694444453125 0.4515625 0.1805555546875 0.45 0.187962962890625 0.45 0.2018518515625 0.4546875 0.20462962890625 0.468229166015625 0.20462962890625 0.470833333984375 0.20277777734375
0 0.536458333984375 0.039814814453125 0.527604166015625 0.039814814453125 0.524479166015625 0.043518517578125 0.524479166015625 0.05277777734375 0.5375 0.05277777734375 0.5390625 0.05 0.536458333984375 0.039814814453125
0 0.463020833984375 0.246296296875 0.480729166015625 0.246296296875 0.482291666015625 0.243518517578125 0.483333333984375 0.2194444453125 0.477083333984375 0.207407408203125 0.466666666015625 0.207407408203125 0.461979166015625 0.212962962890625 0.461979166015625 0.216666666015625 0.458333333984375 0.2231481484375 0.456770833984375 0.232407408203125 0.456770833984375 0.240740740234375 0.458333333984375 0.243518517578125 0.463020833984375 0.246296296875
0 0.442708333984375 0.3555555546875 0.443229166015625 0.321296296875 0.4359375 0.314814814453125 0.435416666015625 0.3055555546875 0.4234375 0.3055555546875 0.4125 0.3231481484375 0.410416666015625 0.337962962890625 0.410416666015625 0.35277777734375 0.411979166015625 0.357407408203125 0.442708333984375 0.3555555546875
0 0.561458333984375 0.607407408203125 0.563020833984375 0.612037037109375 0.571875 0.618518517578125 0.577083333984375 0.632407408203125 0.586979166015625 0.641666666015625 0.619270833984375 0.638888888671875 0.625 0.637037037109375 0.628645833984375 0.632407408203125 0.628125 0.62592592578125 0.619270833984375 0.6055555546875 0.613541666015625 0.60277777734375 0.603645833984375 0.60462962890625 0.601041666015625 0.6 0.598958333984375 0.584259259765625 0.583333333984375 0.57592592578125 0.58125 0.566666666015625 0.569270833984375 0.556481482421875 0.565625 0.5444444453125 0.5421875 0.546296296875 0.539583333984375 0.55092592578125 0.5390625 0.563888888671875 0.5359375 0.57037037109375 0.535416666015625 0.5805555546875 0.538541666015625 0.593518517578125 0.549479166015625 0.5944444453125 0.561458333984375 0.607407408203125
0 0.572395833984375 0.093518517578125 0.563020833984375 0.093518517578125 0.558333333984375 0.10277777734375 0.557291666015625 0.114814814453125 0.575520833984375 0.114814814453125 0.575520833984375 0.10092592578125 0.572395833984375 0.093518517578125
0 0.561979166015625 0.05092592578125 0.5578125 0.037962962890625 0.556770833984375 0.02592592578125 0.550520833984375 0.02777777734375 0.545833333984375 0.05277777734375 0.547916666015625 0.0555555546875 0.560416666015625 0.0555555546875 0.561979166015625 0.05092592578125
0 0.5171875 0.013888888671875 0.514583333984375 0.018518517578125 0.514583333984375 0.02777777734375 0.527604166015625 0.02592592578125 0.525520833984375 0.013888888671875 0.5171875 0.013888888671875