0 0.426041666015625 0.264814814453125 0.419791666015625 0.260185185546875 0.40625 0.263888888671875 0.405729166015625 0.2768518515625 0.408333333984375 0.291666666015625 0.411979166015625 0.293518517578125 0.426041666015625 0.290740740234375 0.427604166015625 0.2805555546875 0.426041666015625 0.264814814453125
0 0.4171875 0.363888888671875 0.4265625 0.360185185546875 0.444791666015625 0.359259259765625 0.4453125 0.343518517578125 0.440104166015625 0.334259259765625 0.4390625 0.316666666015625 0.435416666015625 0.314814814453125 0.431770833984375 0.318518517578125 0.411458333984375 0.318518517578125 0.411458333984375 0.333333333984375 0.414583333984375 0.359259259765625 0.4171875 0.363888888671875
0 0.411979166015625 0.213888888671875 0.40625 0.216666666015625 0.399479166015625 0.214814814453125 0.3984375 0.22777777734375 0.400520833984375 0.237037037109375 0.415625 0.237037037109375 0.416145833984375 0.22407407421875 0.4140625 0.216666666015625 0.411979166015625 0.213888888671875
0 0.485416666015625 0.5268518515625 0.4875 0.512037037109375 0.484375 0.50277777734375 0.482291666015625 0.50277777734375 0.475520833984375 0.493518517578125 0.472916666015625 0.468518517578125 0.472916666015625 0.45092592578125 0.469791666015625 0.443518517578125 0.452604166015625 0.439814814453125 0.432291666015625 0.441666666015625 0.43125 0.462037037109375 0.4375 0.478703703125 0.440104166015625 0.4981481484375 0.439583333984375 0.513888888671875 0.4421875 0.5305555546875 0.455729166015625 0.532407408203125 0.459895833984375 0.52962962890625 0.4625 0.535185185546875 0.466666666015625 0.534259259765625 0.46875 0.52037037109375 0.471354166015625 0.516666666015625 0.473958333984375 0.516666666015625 0.480729166015625 0.52962962890625 0.485416666015625 0.5268518515625
0 0.611979166015625 0.9981481484375 0.609375 0.981481482421875 0.609375 0.9555555546875 0.6015625 0.943518517578125 0.590104166015625 0.941666666015625 0.582291666015625 0.9305555546875 0.58125 0.9231481484375 0.576041666015625 0.915740740234375 0.577083333984375 0.912037037109375 0.582291666015625 0.912037037109375 0.586979166015625 0.916666666015625 0.591666666015625 0.913888888671875 0.5953125 0.896296296875 0.593229166015625 0.860185185546875 0.584895833984375 0.839814814453125 0.580729166015625 0.838888888671875 0.572395833984375 0.82777777734375 0.550520833984375 0.82777777734375 0.547395833984375 0.8305555546875 0.534895833984375 0.8305555546875 0.5234375 0.835185185546875 0.511458333984375 0.8444444453125 0.50625 0.8518518515625 0.5046875 0.8555555546875 0.5046875 0.865740740234375 0.5109375 0.893518517578125 0.513541666015625 0.918518517578125 0.520833333984375 0.92592592578125 0.530729166015625 0.921296296875 0.532291666015625 0.916666666015625 0.543229166015625 0.92037037109375 0.5453125 0.942592591796875 0.544791666015625 0.959259259765625 0.538541666015625 0.971296296875 0.5375 0.988888888671875 0.539583333984375 0.996296296875 0.611979166015625 0.9981481484375
0 0.3916015625 0.1416015625 0.01171875 0.01171875
0 0.3916015625 0.1298828125 0.01171875 0.01171875
0 0.3876953125 0.125 0.009765625 0.01171875
0 0.3857421875 0.11328125 0.0078125 0.0078125
0 0.3857421875 0.099609375 0.0078125 0.0078125
0 0.3857421875 0.1064453125 0.0078125 0.009765625