0 0.695833333984375 0.107407408203125 0.690625 0.0981481484375 0.683854166015625 0.096296296875 0.677604166015625 0.1018518515625 0.676041666015625 0.106481482421875 0.675520833984375 0.112962962890625 0.677604166015625 0.118518517578125 0.695833333984375 0.118518517578125 0.695833333984375 0.107407408203125
0 0.6734375 0.113888888671875 0.669791666015625 0.107407408203125 0.664583333984375 0.10277777734375 0.657291666015625 0.103703703125 0.654166666015625 0.110185185546875 0.654166666015625 0.1231481484375 0.672916666015625 0.1231481484375 0.6734375 0.113888888671875
0 0.628645833984375 0.166666666015625 0.623958333984375 0.162037037109375 0.614583333984375 0.162037037109375 0.607291666015625 0.17037037109375 0.607291666015625 0.188888888671875 0.63125 0.188888888671875 0.63125 0.1731481484375 0.628645833984375 0.166666666015625
0 0.683854166015625 0.0731481484375 0.68125 0.0694444453125 0.675 0.064814814453125 0.670833333984375 0.066666666015625 0.666666666015625 0.0731481484375 0.669270833984375 0.082407408203125 0.683854166015625 0.0805555546875 0.683854166015625 0.0731481484375
0 0.603645833984375 0.438888888671875 0.605729166015625 0.441666666015625 0.6125 0.441666666015625 0.616666666015625 0.435185185546875 0.617708333984375 0.413888888671875 0.615625 0.410185185546875 0.6109375 0.409259259765625 0.605729166015625 0.4 0.590104166015625 0.4 0.586458333984375 0.407407408203125 0.580729166015625 0.410185185546875 0.5765625 0.4231481484375 0.577083333984375 0.441666666015625 0.5828125 0.441666666015625 0.585416666015625 0.438888888671875 0.603645833984375 0.438888888671875
0 0.6046875 0.168518517578125 0.598958333984375 0.1555555546875 0.5875 0.1555555546875 0.580208333984375 0.17037037109375 0.580729166015625 0.17962962890625 0.600520833984375 0.1805555546875 0.6046875 0.17592592578125 0.6046875 0.168518517578125
0 0.638541666015625 0.2981481484375 0.636979166015625 0.282407408203125 0.630729166015625 0.2694444453125 0.61875 0.268518517578125 0.6078125 0.288888888671875 0.6078125 0.30277777734375 0.6328125 0.30462962890625 0.636979166015625 0.30277777734375 0.638541666015625 0.2981481484375
0 0.609895833984375 0.50462962890625 0.611458333984375 0.47777777734375 0.610416666015625 0.471296296875 0.603645833984375 0.467592591796875 0.603125 0.462037037109375 0.601041666015625 0.460185185546875 0.58125 0.460185185546875 0.577604166015625 0.468518517578125 0.574479166015625 0.468518517578125 0.569791666015625 0.47407407421875 0.5671875 0.488888888671875 0.566666666015625 0.5055555546875 0.569270833984375 0.509259259765625 0.60625 0.509259259765625 0.609895833984375 0.50462962890625
0 0.656770833984375 0.068518517578125 0.643229166015625 0.066666666015625 0.640104166015625 0.0731481484375 0.640104166015625 0.085185185546875 0.657291666015625 0.085185185546875 0.658333333984375 0.082407408203125 0.656770833984375 0.068518517578125
0 0.663020833984375 0.162037037109375 0.6625 0.157407408203125 0.651041666015625 0.157407408203125 0.646354166015625 0.168518517578125 0.646354166015625 0.182407408203125 0.66875 0.182407408203125 0.668229166015625 0.171296296875 0.663020833984375 0.162037037109375
0 0.660416666015625 0.0555555546875 0.6578125 0.05277777734375 0.64375 0.05277777734375 0.6421875 0.0555555546875 0.643229166015625 0.066666666015625 0.659895833984375 0.066666666015625 0.660416666015625 0.0555555546875