0 0.40277777734375 0.364583333984375 0.4055555546875 0.368229166015625 0.418518517578125 0.372395833984375 0.413888888671875 0.3828125 0.4231481484375 0.386458333984375 0.409259259765625 0.390104166015625 0.407407408203125 0.39375 0.410185185546875 0.394791666015625 0.410185185546875 0.397916666015625 0.4055555546875 0.4 0.4055555546875 0.402083333984375 0.407407408203125 0.4046875 0.409259259765625 0.402083333984375 0.412037037109375 0.4046875 0.42777777734375 0.407291666015625 0.4481481484375 0.40625 0.463888888671875 0.408854166015625 0.466666666015625 0.407291666015625 0.464814814453125 0.350520833984375 0.468518517578125 0.344270833984375 0.468518517578125 0.330208333984375 0.460185185546875 0.327083333984375 0.460185185546875 0.309375 0.456481482421875 0.306770833984375 0.42222222265625 0.306770833984375 0.416666666015625 0.309895833984375 0.414814814453125 0.319270833984375 0.39537037109375 0.322916666015625 0.389814814453125 0.325520833984375 0.391666666015625 0.347395833984375 0.387037037109375 0.355208333984375 0.388888888671875 0.360416666015625 0.3944444453125 0.363541666015625 0.40277777734375 0.364583333984375
0 0.606481482421875 0.9609375 0.618518517578125 0.9640625 0.621296296875 0.975 0.62777777734375 0.984375 0.62962962890625 0.994791666015625 0.64537037109375 0.992708333984375 0.661111111328125 0.997395833984375 0.662037037109375 0.999479166015625 0.710185185546875 0.999479166015625 0.713888888671875 0.991145833984375 0.710185185546875 0.94375 0.713888888671875 0.9390625 0.713888888671875 0.923958333984375 0.710185185546875 0.91875 0.70092592578125 0.916666666015625 0.693518517578125 0.910416666015625 0.691666666015625 0.882291666015625 0.675 0.879166666015625 0.642592591796875 0.8796875 0.637037037109375 0.88125 0.632407408203125 0.889583333984375 0.632407408203125 0.897395833984375 0.62962962890625 0.899479166015625 0.60092592578125 0.899479166015625 0.593518517578125 0.902604166015625 0.591666666015625 0.95625 0.5944444453125 0.960416666015625 0.606481482421875 0.9609375
0 0.30092592578125 0.074479166015625 0.30277777734375 0.078645833984375 0.307407408203125 0.08125 0.307407408203125 0.089583333984375 0.312037037109375 0.094270833984375 0.314814814453125 0.103645833984375 0.3194444453125 0.10625 0.3481481484375 0.10625 0.35092592578125 0.1046875 0.35092592578125 0.096875 0.3481481484375 0.094791666015625 0.346296296875 0.069791666015625 0.3481481484375 0.0453125 0.343518517578125 0.0421875 0.341666666015625 0.034895833984375 0.32592592578125 0.033333333984375 0.315740740234375 0.034895833984375 0.309259259765625 0.038020833984375 0.307407408203125 0.047395833984375 0.296296296875 0.05 0.2981481484375 0.063541666015625 0.296296296875 0.066666666015625 0.291666666015625 0.067708333984375 0.293518517578125 0.0703125 0.288888888671875 0.0703125 0.30092592578125 0.074479166015625
0 0.288888888671875 0.104166666015625 0.3055555546875 0.104166666015625 0.310185185546875 0.102083333984375 0.310185185546875 0.096875 0.3055555546875 0.088020833984375 0.3055555546875 0.080729166015625 0.3 0.075520833984375 0.287037037109375 0.070833333984375 0.296296296875 0.063020833984375 0.2944444453125 0.052083333984375 0.30462962890625 0.045833333984375 0.3 0.04375 0.27777777734375 0.044270833984375 0.275 0.053645833984375 0.271296296875 0.055729166015625 0.261111111328125 0.05625 0.2555555546875 0.060416666015625 0.260185185546875 0.0671875 0.260185185546875 0.077083333984375 0.266666666015625 0.082291666015625 0.27777777734375 0.100520833984375 0.288888888671875 0.104166666015625
0 0.491666666015625 0.648958333984375 0.491666666015625 0.654166666015625 0.50277777734375 0.659375 0.50092592578125 0.670833333984375 0.510185185546875 0.671875 0.514814814453125 0.6703125 0.521296296875 0.675 0.5194444453125 0.679166666015625 0.513888888671875 0.682291666015625 0.513888888671875 0.694270833984375 0.516666666015625 0.697916666015625 0.538888888671875 0.700520833984375 0.55277777734375 0.70625 0.564814814453125 0.70625 0.568518517578125 0.694270833984375 0.568518517578125 0.6125 0.55462962890625 0.603645833984375 0.55462962890625 0.58125 0.533333333984375 0.578645833984375 0.516666666015625 0.579166666015625 0.5055555546875 0.581770833984375 0.5 0.594270833984375 0.485185185546875 0.594791666015625 0.47407407421875 0.5984375 0.4731481484375 0.628645833984375 0.4694444453125 0.641145833984375 0.471296296875 0.64375 0.487037037109375 0.645833333984375 0.491666666015625 0.648958333984375
0 0.446296296875 0.4859375 0.45092592578125 0.480729166015625 0.4481481484375 0.468229166015625 0.45092592578125 0.449479166015625 0.44907407421875 0.419791666015625 0.45277777734375 0.413541666015625 0.446296296875 0.408854166015625 0.438888888671875 0.409895833984375 0.418518517578125 0.407291666015625 0.4055555546875 0.4078125 0.393518517578125 0.404166666015625 0.385185185546875 0.4046875 0.382407408203125 0.405729166015625 0.3805555546875 0.414583333984375 0.382407408203125 0.442708333984375 0.3944444453125 0.449479166015625 0.4 0.450520833984375 0.4 0.461979166015625 0.407407408203125 0.4671875 0.410185185546875 0.48125 0.446296296875 0.4859375
0 0.321296296875 0.241666666015625 0.3231481484375 0.247395833984375 0.32777777734375 0.251041666015625 0.3555555546875 0.252083333984375 0.357407408203125 0.241145833984375 0.35277777734375 0.199479166015625 0.3555555546875 0.192708333984375 0.35092592578125 0.1890625 0.35092592578125 0.18125 0.32037037109375 0.180729166015625 0.316666666015625 0.182291666015625 0.314814814453125 0.190625 0.2981481484375 0.195833333984375 0.2981481484375 0.209375 0.293518517578125 0.2171875 0.30092592578125 0.225520833984375 0.313888888671875 0.227604166015625 0.314814814453125 0.236979166015625 0.321296296875 0.241666666015625
0 0.2470703125 0.1943359375 0.03515625 0.037109375
0 0.2451171875 0.111328125 0.03125 0.03515625
0 0.2470703125 0.146484375 0.029296875 0.02734375
0 0.2587890625 0.037109375 0.046875 0.04296875
0 0.2451171875 0.0771484375 0.044921875 0.0390625