0 0.311111111328125 0.230729166015625 0.306481482421875 0.226041666015625 0.3055555546875 0.219791666015625 0.3018518515625 0.215104166015625 0.29722222265625 0.2140625 0.27407407421875 0.214583333984375 0.2694444453125 0.216666666015625 0.267592591796875 0.220833333984375 0.2694444453125 0.2265625 0.27222222265625 0.227604166015625 0.27222222265625 0.2375 0.283333333984375 0.244791666015625 0.283333333984375 0.264583333984375 0.289814814453125 0.279166666015625 0.286111111328125 0.296354166015625 0.292592591796875 0.300520833984375 0.303703703125 0.301041666015625 0.311111111328125 0.3046875 0.332407408203125 0.300520833984375 0.333333333984375 0.2953125 0.3268518515625 0.2921875 0.325 0.288541666015625 0.32222222265625 0.2640625 0.317592591796875 0.260416666015625 0.308333333984375 0.24375 0.311111111328125 0.230729166015625
0 0.514814814453125 0.550520833984375 0.511111111328125 0.548958333984375 0.510185185546875 0.545833333984375 0.5018518515625 0.5421875 0.4944444453125 0.541666666015625 0.487962962890625 0.544270833984375 0.481481482421875 0.5515625 0.481481482421875 0.5625 0.508333333984375 0.586979166015625 0.512962962890625 0.588541666015625 0.515740740234375 0.602604166015625 0.52222222265625 0.6046875 0.536111111328125 0.603645833984375 0.5444444453125 0.599479166015625 0.54722222265625 0.591666666015625 0.537962962890625 0.581770833984375 0.531481482421875 0.5796875 0.52592592578125 0.571354166015625 0.511111111328125 0.5578125 0.514814814453125 0.550520833984375
0 0.97407407421875 0.783333333984375 0.988888888671875 0.7828125 0.99722222265625 0.780208333984375 0.99722222265625 0.769270833984375 0.989814814453125 0.766666666015625 0.97407407421875 0.766666666015625 0.97037037109375 0.772916666015625 0.97037037109375 0.78125 0.97407407421875 0.783333333984375
0 0.69722222265625 0.790104166015625 0.708333333984375 0.790104166015625 0.717592591796875 0.78125 0.711111111328125 0.769791666015625 0.683333333984375 0.761458333984375 0.67222222265625 0.7609375 0.667592591796875 0.7625 0.665740740234375 0.78125 0.69722222265625 0.790104166015625
0 0.617592591796875 0.650520833984375 0.611111111328125 0.6515625 0.606481482421875 0.6578125 0.608333333984375 0.674479166015625 0.62407407421875 0.679166666015625 0.639814814453125 0.689583333984375 0.6518518515625 0.689583333984375 0.664814814453125 0.6859375 0.667592591796875 0.679166666015625 0.664814814453125 0.676041666015625 0.6555555546875 0.66875 0.637962962890625 0.6609375 0.6268518515625 0.652604166015625 0.617592591796875 0.650520833984375
0 0.837962962890625 0.764583333984375 0.860185185546875 0.7640625 0.864814814453125 0.760416666015625 0.865740740234375 0.75625 0.861111111328125 0.745833333984375 0.836111111328125 0.7453125 0.831481482421875 0.748958333984375 0.831481482421875 0.763020833984375 0.837962962890625 0.764583333984375
0 0.811111111328125 0.802083333984375 0.814814814453125 0.80625 0.838888888671875 0.80625 0.84907407421875 0.801041666015625 0.84907407421875 0.7953125 0.8444444453125 0.7875 0.82222222265625 0.786979166015625 0.814814814453125 0.788541666015625 0.811111111328125 0.794791666015625 0.811111111328125 0.802083333984375
0 0.27407407421875 0.052604166015625 0.261111111328125 0.052604166015625 0.258333333984375 0.054166666015625 0.258333333984375 0.063541666015625 0.261111111328125 0.0765625 0.267592591796875 0.082291666015625 0.265740740234375 0.099479166015625 0.2694444453125 0.1046875 0.27222222265625 0.11875 0.267592591796875 0.1375 0.27222222265625 0.1421875 0.2805555546875 0.144270833984375 0.289814814453125 0.15 0.310185185546875 0.151041666015625 0.312962962890625 0.1484375 0.312962962890625 0.144270833984375 0.303703703125 0.13125 0.303703703125 0.09375 0.29907407421875 0.0890625 0.30092592578125 0.078125 0.29722222265625 0.065104166015625 0.27407407421875 0.052604166015625
0 0.888888888671875 0.8 0.8944444453125 0.7984375 0.89722222265625 0.794270833984375 0.89537037109375 0.7828125 0.883333333984375 0.78125 0.867592591796875 0.7828125 0.865740740234375 0.799479166015625 0.888888888671875 0.8
0 0.553703703125 0.656770833984375 0.5518518515625 0.648958333984375 0.539814814453125 0.643229166015625 0.533333333984375 0.642708333984375 0.528703703125 0.644270833984375 0.52407407421875 0.650520833984375 0.52222222265625 0.665104166015625 0.539814814453125 0.675520833984375 0.54537037109375 0.684895833984375 0.5518518515625 0.689583333984375 0.55277777734375 0.69375 0.563888888671875 0.696354166015625 0.581481482421875 0.6953125 0.586111111328125 0.692708333984375 0.589814814453125 0.681770833984375 0.5805555546875 0.678125 0.57407407421875 0.670833333984375 0.565740740234375 0.668229166015625 0.562037037109375 0.659895833984375 0.553703703125 0.656770833984375
0 0.7981481484375 0.790104166015625 0.808333333984375 0.7875 0.814814814453125 0.785416666015625 0.815740740234375 0.780729166015625 0.808333333984375 0.770833333984375 0.789814814453125 0.76875 0.77407407421875 0.769791666015625 0.77407407421875 0.7890625 0.7981481484375 0.790104166015625
0 0.611111111328125 0.705208333984375 0.606481482421875 0.716145833984375 0.606481482421875 0.725520833984375 0.611111111328125 0.728645833984375 0.62407407421875 0.732291666015625 0.639814814453125 0.74375 0.6518518515625 0.744270833984375 0.658333333984375 0.738541666015625 0.664814814453125 0.736979166015625 0.665740740234375 0.730729166015625 0.658333333984375 0.720833333984375 0.6481481484375 0.71875 0.636111111328125 0.711979166015625 0.631481482421875 0.70625 0.614814814453125 0.702604166015625 0.611111111328125 0.705208333984375
0 0.686111111328125 0.683333333984375 0.681481482421875 0.7015625 0.683333333984375 0.705729166015625 0.703703703125 0.709375 0.711111111328125 0.7140625 0.72592592578125 0.713541666015625 0.731481482421875 0.708854166015625 0.737962962890625 0.706770833984375 0.737962962890625 0.7 0.7305555546875 0.69375 0.708333333984375 0.688541666015625 0.69722222265625 0.683333333984375 0.686111111328125 0.683333333984375
0 0.739814814453125 0.733854166015625 0.739814814453125 0.752604166015625 0.75277777734375 0.755729166015625 0.77777777734375 0.75625 0.787962962890625 0.750520833984375 0.787962962890625 0.74375 0.7805555546875 0.741666666015625 0.7768518515625 0.7375 0.761111111328125 0.733333333984375 0.742592591796875 0.732291666015625 0.739814814453125 0.733854166015625
0 0.811111111328125 0.727604166015625 0.817592591796875 0.7265625 0.8268518515625 0.721354166015625 0.8268518515625 0.713541666015625 0.811111111328125 0.706770833984375 0.787962962890625 0.705208333984375 0.783333333984375 0.709375 0.783333333984375 0.724479166015625 0.811111111328125 0.727604166015625
0 0.453703703125 0.585416666015625 0.4518518515625 0.5734375 0.433333333984375 0.5640625 0.42222222265625 0.571354166015625 0.417592591796875 0.579166666015625 0.417592591796875 0.5875 0.42407407421875 0.593229166015625 0.436111111328125 0.597916666015625 0.439814814453125 0.6078125 0.453703703125 0.619270833984375 0.453703703125 0.630729166015625 0.483333333984375 0.63125 0.489814814453125 0.623958333984375 0.489814814453125 0.617708333984375 0.4768518515625 0.607291666015625 0.47592592578125 0.603645833984375 0.467592591796875 0.5984375 0.464814814453125 0.591666666015625 0.453703703125 0.585416666015625
0 0.361111111328125 0.436979166015625 0.358333333984375 0.4328125 0.356481482421875 0.41875 0.3518518515625 0.4171875 0.34537037109375 0.408854166015625 0.337962962890625 0.408854166015625 0.325 0.413541666015625 0.32407407421875 0.416666666015625 0.3194444453125 0.41875 0.3194444453125 0.427604166015625 0.325 0.4375 0.336111111328125 0.446354166015625 0.337962962890625 0.454166666015625 0.3518518515625 0.475520833984375 0.3518518515625 0.488541666015625 0.361111111328125 0.493229166015625 0.385185185546875 0.493229166015625 0.39537037109375 0.484895833984375 0.3944444453125 0.48125 0.381481482421875 0.475 0.378703703125 0.45625 0.375 0.454166666015625 0.37222222265625 0.444270833984375 0.361111111328125 0.436979166015625
0 0.4 0.388541666015625 0.39537037109375 0.383333333984375 0.383333333984375 0.383854166015625 0.375 0.3875 0.37222222265625 0.3953125 0.3768518515625 0.406770833984375 0.386111111328125 0.413541666015625 0.390740740234375 0.429166666015625 0.4018518515625 0.444270833984375 0.4 0.457291666015625 0.406481482421875 0.4609375 0.428703703125 0.461979166015625 0.439814814453125 0.454166666015625 0.439814814453125 0.45 0.428703703125 0.440104166015625 0.42592592578125 0.419270833984375 0.412962962890625 0.405729166015625 0.410185185546875 0.393229166015625 0.4 0.388541666015625
0 0.864814814453125 0.7265625 0.884259259765625 0.7265625 0.889814814453125 0.725 0.8944444453125 0.720833333984375 0.8944444453125 0.713020833984375 0.883333333984375 0.708854166015625 0.862962962890625 0.708333333984375 0.860185185546875 0.713020833984375 0.860185185546875 0.725 0.864814814453125 0.7265625