0 0.094270833984375 0.8231481484375 0.094791666015625 0.82592592578125 0.096875 0.8231481484375 0.094270833984375 0.8231481484375
0 0.163541666015625 0.8 0.1671875 0.8 0.166145833984375 0.7981481484375 0.163541666015625 0.8
0 0.129166666015625 0.7805555546875 0.128645833984375 0.77777777734375 0.125520833984375 0.7805555546875 0.126041666015625 0.785185185546875 0.132291666015625 0.77962962890625 0.129166666015625 0.7805555546875
0 0.011979166015625 0.9981481484375 0.042708333984375 0.9981481484375 0.063020833984375 0.991666666015625 0.079166666015625 0.9944444453125 0.080208333984375 0.9981481484375 0.0828125 0.9981481484375 0.084375 0.9944444453125 0.0859375 0.9981481484375 0.109895833984375 0.9981481484375 0.125 0.9944444453125 0.134895833984375 0.9981481484375 0.261458333984375 0.9981481484375 0.2640625 0.9944444453125 0.271354166015625 0.9981481484375 0.3734375 0.9981481484375 0.376041666015625 0.993518517578125 0.391145833984375 0.9944444453125 0.397395833984375 0.9981481484375 0.414583333984375 0.9981481484375 0.418229166015625 0.991666666015625 0.418229166015625 0.857407408203125 0.416145833984375 0.8194444453125 0.4109375 0.793518517578125 0.4046875 0.788888888671875 0.375 0.788888888671875 0.350520833984375 0.796296296875 0.342708333984375 0.793518517578125 0.3375 0.7805555546875 0.3265625 0.77962962890625 0.324479166015625 0.77592592578125 0.325520833984375 0.72777777734375 0.323958333984375 0.67777777734375 0.308333333984375 0.6731481484375 0.263020833984375 0.6731481484375 0.2359375 0.67592592578125 0.230729166015625 0.6805555546875 0.227083333984375 0.67962962890625 0.224479166015625 0.675 0.223958333984375 0.661111111328125 0.241145833984375 0.659259259765625 0.241145833984375 0.65277777734375 0.236979166015625 0.64907407421875 0.2171875 0.646296296875 0.196354166015625 0.64907407421875 0.19375 0.65277777734375 0.194270833984375 0.660185185546875 0.2109375 0.662037037109375 0.2125 0.664814814453125 0.2125 0.671296296875 0.2046875 0.67592592578125 0.179166666015625 0.67777777734375 0.180729166015625 0.70277777734375 0.178645833984375 0.713888888671875 0.18125 0.7231481484375 0.18125 0.7305555546875 0.177083333984375 0.739814814453125 0.178125 0.743518517578125 0.16875 0.7481481484375 0.168229166015625 0.75092592578125 0.164583333984375 0.7481481484375 0.1578125 0.75092592578125 0.149479166015625 0.761111111328125 0.149479166015625 0.778703703125 0.146875 0.782407408203125 0.149479166015625 0.785185185546875 0.149479166015625 0.796296296875 0.1515625 0.7981481484375 0.153645833984375 0.813888888671875 0.145833333984375 0.813888888671875 0.143229166015625 0.818518517578125 0.1328125 0.813888888671875 0.132291666015625 0.818518517578125 0.125520833984375 0.82037037109375 0.125 0.835185185546875 0.126041666015625 0.839814814453125 0.127604166015625 0.839814814453125 0.127083333984375 0.87592592578125 0.124479166015625 0.87777777734375 0.122916666015625 0.885185185546875 0.092708333984375 0.891666666015625 0.045833333984375 0.886111111328125 0.044791666015625 0.8 0.043229166015625 0.793518517578125 0.038541666015625 0.7944444453125 0.032291666015625 0.80092592578125 0.029166666015625 0.812962962890625 0.0265625 0.835185185546875 0.0171875 0.8518518515625 0.013020833984375 0.87592592578125 0.0125 0.918518517578125 0.009895833984375 0.960185185546875 0.009895833984375 0.993518517578125 0.011979166015625 0.9981481484375
0 0.5265625 0.296296296875 0.530208333984375 0.296296296875 0.527604166015625 0.2944444453125 0.5265625 0.296296296875
0 0.490104166015625 0.25092592578125 0.489583333984375 0.24722222265625 0.4921875 0.241666666015625 0.493229166015625 0.232407408203125 0.496875 0.22777777734375 0.50625 0.232407408203125 0.507291666015625 0.234259259765625 0.5046875 0.25092592578125 0.515104166015625 0.259259259765625 0.520833333984375 0.2555555546875 0.5375 0.257407408203125 0.55 0.25277777734375 0.5734375 0.25277777734375 0.576041666015625 0.261111111328125 0.574479166015625 0.266666666015625 0.574479166015625 0.284259259765625 0.5671875 0.293518517578125 0.5578125 0.3 0.563541666015625 0.310185185546875 0.571354166015625 0.315740740234375 0.573958333984375 0.3231481484375 0.588020833984375 0.32407407421875 0.594791666015625 0.338888888671875 0.602083333984375 0.335185185546875 0.641666666015625 0.337037037109375 0.652083333984375 0.359259259765625 0.667708333984375 0.359259259765625 0.692708333984375 0.35277777734375 0.700520833984375 0.363888888671875 0.733333333984375 0.363888888671875 0.740625 0.356481482421875 0.743229166015625 0.346296296875 0.745833333984375 0.341666666015625 0.748958333984375 0.341666666015625 0.753125 0.3305555546875 0.753125 0.243518517578125 0.751041666015625 0.212037037109375 0.7484375 0.1981481484375 0.744791666015625 0.193518517578125 0.725520833984375 0.193518517578125 0.719791666015625 0.196296296875 0.697395833984375 0.1944444453125 0.6953125 0.191666666015625 0.69375 0.1805555546875 0.6890625 0.175 0.690625 0.12962962890625 0.688541666015625 0.1231481484375 0.620833333984375 0.125 0.617708333984375 0.12037037109375 0.6171875 0.107407408203125 0.622395833984375 0.10277777734375 0.6296875 0.10277777734375 0.630208333984375 0.10092592578125 0.6265625 0.096296296875 0.599479166015625 0.0981481484375 0.597395833984375 0.10092592578125 0.5984375 0.1055555546875 0.609375 0.1055555546875 0.6109375 0.110185185546875 0.6109375 0.118518517578125 0.608333333984375 0.1231481484375 0.602604166015625 0.12592592578125 0.552604166015625 0.12592592578125 0.550520833984375 0.12962962890625 0.551041666015625 0.17407407421875 0.548958333984375 0.184259259765625 0.530729166015625 0.182407408203125 0.527083333984375 0.185185185546875 0.526041666015625 0.196296296875 0.5234375 0.2 0.514583333984375 0.20092592578125 0.509375 0.20462962890625 0.5046875 0.2055555546875 0.500520833984375 0.20092592578125 0.49375 0.20092592578125 0.491666666015625 0.207407408203125 0.481770833984375 0.214814814453125 0.479166666015625 0.2194444453125 0.475 0.236111111328125 0.474479166015625 0.2518518515625 0.4765625 0.260185185546875 0.484375 0.257407408203125 0.490104166015625 0.25092592578125
0 0.545833333984375 0.287037037109375 0.55 0.291666666015625 0.5640625 0.288888888671875 0.563020833984375 0.2694444453125 0.556770833984375 0.2694444453125 0.5484375 0.285185185546875 0.544270833984375 0.284259259765625 0.543229166015625 0.2805555546875 0.536458333984375 0.282407408203125 0.534895833984375 0.288888888671875 0.5375 0.293518517578125 0.5421875 0.293518517578125 0.545833333984375 0.287037037109375
0 0.543229166015625 0.2731481484375 0.544270833984375 0.268518517578125 0.542708333984375 0.266666666015625 0.543229166015625 0.2731481484375
0 0.5458984375 0.2646484375 0.0009765625 0.0009765625
0 0.51875 0.264814814453125 0.522395833984375 0.268518517578125 0.5203125 0.263888888671875 0.51875 0.264814814453125
0 0.384375 0.535185185546875 0.390104166015625 0.532407408203125 0.39375 0.52592592578125 0.4671875 0.52777777734375 0.4703125 0.5305555546875 0.501041666015625 0.534259259765625 0.505729166015625 0.5305555546875 0.51875 0.52777777734375 0.5640625 0.52777777734375 0.586979166015625 0.5231481484375 0.591666666015625 0.52407407421875 0.594270833984375 0.5305555546875 0.597395833984375 0.532407408203125 0.6390625 0.532407408203125 0.64375 0.5231481484375 0.649479166015625 0.482407408203125 0.649479166015625 0.42592592578125 0.647916666015625 0.413888888671875 0.647395833984375 0.371296296875 0.64375 0.346296296875 0.640104166015625 0.339814814453125 0.613541666015625 0.337037037109375 0.601041666015625 0.339814814453125 0.5984375 0.343518517578125 0.586979166015625 0.343518517578125 0.586458333984375 0.3305555546875 0.568229166015625 0.32777777734375 0.5609375 0.310185185546875 0.55625 0.307407408203125 0.544791666015625 0.309259259765625 0.535416666015625 0.30092592578125 0.519270833984375 0.2981481484375 0.516145833984375 0.286111111328125 0.516145833984375 0.271296296875 0.509895833984375 0.260185185546875 0.503645833984375 0.2555555546875 0.497916666015625 0.25277777734375 0.4921875 0.2555555546875 0.484895833984375 0.260185185546875 0.478125 0.268518517578125 0.473958333984375 0.262037037109375 0.429166666015625 0.262037037109375 0.422916666015625 0.267592591796875 0.420833333984375 0.288888888671875 0.4234375 0.30277777734375 0.423958333984375 0.32777777734375 0.417708333984375 0.3305555546875 0.404166666015625 0.3305555546875 0.400520833984375 0.346296296875 0.394791666015625 0.343518517578125 0.358333333984375 0.343518517578125 0.356770833984375 0.346296296875 0.345833333984375 0.390740740234375 0.343229166015625 0.4555555546875 0.343229166015625 0.518518517578125 0.344791666015625 0.52777777734375 0.35 0.537037037109375 0.384375 0.535185185546875
0 0.235416666015625 0.543518517578125 0.236458333984375 0.539814814453125 0.235416666015625 0.514814814453125 0.233333333984375 0.512037037109375 0.2140625 0.510185185546875 0.209895833984375 0.485185185546875 0.201041666015625 0.47592592578125 0.188020833984375 0.47777777734375 0.178645833984375 0.487037037109375 0.158854166015625 0.4805555546875 0.139583333984375 0.4805555546875 0.131770833984375 0.488888888671875 0.118229166015625 0.496296296875 0.109895833984375 0.496296296875 0.107291666015625 0.485185185546875 0.102604166015625 0.47777777734375 0.09375 0.47777777734375 0.0875 0.4805555546875 0.080729166015625 0.488888888671875 0.079166666015625 0.49537037109375 0.0796875 0.511111111328125 0.078125 0.514814814453125 0.061979166015625 0.5194444453125 0.0609375 0.52777777734375 0.0625 0.537037037109375 0.06875 0.543518517578125 0.235416666015625 0.543518517578125