0 0.62407407421875 0.33125 0.634259259765625 0.33125 0.64907407421875 0.335416666015625 0.656481482421875 0.3296875 0.656481482421875 0.261979166015625 0.64907407421875 0.260416666015625 0.633333333984375 0.264583333984375 0.6268518515625 0.261979166015625 0.6194444453125 0.263020833984375 0.615740740234375 0.261458333984375 0.614814814453125 0.24375 0.611111111328125 0.240625 0.608333333984375 0.227083333984375 0.60092592578125 0.222916666015625 0.588888888671875 0.220833333984375 0.578703703125 0.2203125 0.57407407421875 0.228125 0.562962962890625 0.234375 0.561111111328125 0.259375 0.5555555546875 0.261458333984375 0.533333333984375 0.261979166015625 0.5305555546875 0.2859375 0.563888888671875 0.292708333984375 0.57222222265625 0.297916666015625 0.57407407421875 0.3171875 0.581481482421875 0.3234375 0.583333333984375 0.33125 0.5944444453125 0.33125 0.6018518515625 0.327604166015625 0.613888888671875 0.327083333984375 0.62407407421875 0.33125
0 0.585185185546875 0.4 0.59537037109375 0.397916666015625 0.59537037109375 0.400520833984375 0.59907407421875 0.4015625 0.617592591796875 0.4015625 0.62037037109375 0.3984375 0.62037037109375 0.369270833984375 0.62407407421875 0.3640625 0.6268518515625 0.364583333984375 0.628703703125 0.363020833984375 0.62222222265625 0.361458333984375 0.62037037109375 0.33125 0.615740740234375 0.327604166015625 0.608333333984375 0.327604166015625 0.59537037109375 0.330729166015625 0.5944444453125 0.333854166015625 0.587962962890625 0.336979166015625 0.578703703125 0.3359375 0.57037037109375 0.3140625 0.57222222265625 0.3 0.5694444453125 0.2953125 0.558333333984375 0.291666666015625 0.52222222265625 0.289583333984375 0.510185185546875 0.297916666015625 0.491666666015625 0.3 0.487962962890625 0.302083333984375 0.487962962890625 0.414583333984375 0.49907407421875 0.417708333984375 0.511111111328125 0.418229166015625 0.514814814453125 0.4203125 0.5194444453125 0.424479166015625 0.52222222265625 0.436979166015625 0.558333333984375 0.4359375 0.57222222265625 0.432291666015625 0.57222222265625 0.4109375 0.57777777734375 0.4078125 0.583333333984375 0.407291666015625 0.585185185546875 0.4
0 0.458333333984375 0.897916666015625 0.453703703125 0.881770833984375 0.458333333984375 0.878125 0.464814814453125 0.877083333984375 0.467592591796875 0.8734375 0.467592591796875 0.8640625 0.503703703125 0.863020833984375 0.508333333984375 0.861458333984375 0.508333333984375 0.8265625 0.512962962890625 0.825 0.5194444453125 0.830729166015625 0.52222222265625 0.829166666015625 0.52407407421875 0.816666666015625 0.515740740234375 0.815104166015625 0.517592591796875 0.811458333984375 0.52222222265625 0.811458333984375 0.5194444453125 0.810416666015625 0.506481482421875 0.814583333984375 0.503703703125 0.813541666015625 0.508333333984375 0.786979166015625 0.506481482421875 0.774479166015625 0.467592591796875 0.773958333984375 0.464814814453125 0.76875 0.456481482421875 0.765104166015625 0.456481482421875 0.740104166015625 0.44907407421875 0.735416666015625 0.433333333984375 0.7328125 0.37592592578125 0.732291666015625 0.364814814453125 0.733333333984375 0.34537037109375 0.739583333984375 0.3444444453125 0.759375 0.3518518515625 0.766666666015625 0.34907407421875 0.794270833984375 0.34907407421875 0.852083333984375 0.3518518515625 0.857291666015625 0.353703703125 0.8796875 0.34537037109375 0.883333333984375 0.3444444453125 0.90625 0.353703703125 0.911979166015625 0.417592591796875 0.911458333984375 0.436111111328125 0.909375 0.44907407421875 0.9046875 0.458333333984375 0.897916666015625
0 0.5444444453125 0.473958333984375 0.563888888671875 0.46875 0.562962962890625 0.4875 0.564814814453125 0.489583333984375 0.57592592578125 0.4890625 0.581481482421875 0.494270833984375 0.5805555546875 0.503645833984375 0.57592592578125 0.50625 0.561111111328125 0.509375 0.561111111328125 0.517708333984375 0.564814814453125 0.523958333984375 0.564814814453125 0.530729166015625 0.561111111328125 0.535416666015625 0.558333333984375 0.536979166015625 0.5518518515625 0.532291666015625 0.5481481484375 0.534375 0.54537037109375 0.532291666015625 0.5444444453125 0.5203125 0.539814814453125 0.525520833984375 0.542592591796875 0.528645833984375 0.537962962890625 0.530208333984375 0.531481482421875 0.528645833984375 0.528703703125 0.530208333984375 0.528703703125 0.542708333984375 0.52407407421875 0.550520833984375 0.5268518515625 0.554166666015625 0.533333333984375 0.555729166015625 0.57407407421875 0.556770833984375 0.59722222265625 0.555208333984375 0.6 0.553125 0.6 0.5375 0.5944444453125 0.535416666015625 0.5944444453125 0.528645833984375 0.6018518515625 0.522395833984375 0.608333333984375 0.520833333984375 0.615740740234375 0.524479166015625 0.6444444453125 0.524479166015625 0.64722222265625 0.522916666015625 0.6444444453125 0.494270833984375 0.64907407421875 0.491145833984375 0.656481482421875 0.4921875 0.660185185546875 0.4859375 0.65277777734375 0.482291666015625 0.65462962890625 0.480208333984375 0.658333333984375 0.480729166015625 0.656481482421875 0.4796875 0.64722222265625 0.481770833984375 0.64537037109375 0.480729166015625 0.6444444453125 0.452083333984375 0.615740740234375 0.448958333984375 0.614814814453125 0.444791666015625 0.6055555546875 0.441666666015625 0.603703703125 0.422916666015625 0.592592591796875 0.41875 0.578703703125 0.418229166015625 0.5768518515625 0.430729166015625 0.571296296875 0.436458333984375 0.537962962890625 0.438020833984375 0.528703703125 0.440104166015625 0.5268518515625 0.4421875 0.528703703125 0.4578125 0.537962962890625 0.4578125 0.540740740234375 0.461458333984375 0.54537037109375 0.463020833984375 0.542592591796875 0.4671875 0.54722222265625 0.4673609375 0.54722222265625 0.4701390625 0.5444444453125 0.470833333984375 0.54722222265625 0.472916666015625 0.5444444453125 0.473958333984375
0 0.561111111328125 0.4765625 0.556481482421875 0.4765625 0.558333333984375 0.478645833984375 0.561111111328125 0.478645833984375 0.561111111328125 0.4765625
0 0.483333333984375 0.554166666015625 0.486111111328125 0.55625 0.483333333984375 0.552083333984375 0.491666666015625 0.5484375 0.511111111328125 0.550520833984375 0.514814814453125 0.546875 0.515740740234375 0.532291666015625 0.52037037109375 0.5265625 0.52777777734375 0.5234375 0.540740740234375 0.521354166015625 0.54722222265625 0.516145833984375 0.54907407421875 0.510416666015625 0.553703703125 0.507291666015625 0.562962962890625 0.50625 0.568518517578125 0.5 0.575 0.503125 0.578703703125 0.5015625 0.578703703125 0.49375 0.57222222265625 0.49375 0.568518517578125 0.495833333984375 0.562962962890625 0.4921875 0.558333333984375 0.484895833984375 0.5555555546875 0.486458333984375 0.54907407421875 0.484895833984375 0.54722222265625 0.478125 0.542592591796875 0.4734375 0.52222222265625 0.466666666015625 0.5268518515625 0.45625 0.517592591796875 0.446875 0.517592591796875 0.427083333984375 0.510185185546875 0.4203125 0.489814814453125 0.417708333984375 0.428703703125 0.4171875 0.42222222265625 0.418229166015625 0.417592591796875 0.421875 0.417592591796875 0.4390625 0.42222222265625 0.444270833984375 0.42407407421875 0.452083333984375 0.42222222265625 0.501041666015625 0.446296296875 0.507291666015625 0.4518518515625 0.513541666015625 0.462962962890625 0.5203125 0.464814814453125 0.541666666015625 0.461111111328125 0.548958333984375 0.461111111328125 0.556770833984375 0.464814814453125 0.558333333984375 0.4805555546875 0.55625 0.483333333984375 0.554166666015625
0 0.37407407421875 0.248958333984375 0.4018518515625 0.252083333984375 0.456481482421875 0.25 0.463888888671875 0.244791666015625 0.47222222265625 0.24375 0.4694444453125 0.242708333984375 0.4694444453125 0.2390625 0.47222222265625 0.238020833984375 0.47037037109375 0.219270833984375 0.47407407421875 0.196354166015625 0.4768518515625 0.194791666015625 0.490740740234375 0.19375 0.4981481484375 0.194791666015625 0.49722222265625 0.202604166015625 0.5018518515625 0.209895833984375 0.515740740234375 0.209375 0.52037037109375 0.205729166015625 0.52037037109375 0.174479166015625 0.525 0.16875 0.5305555546875 0.169791666015625 0.533333333984375 0.175 0.537962962890625 0.174479166015625 0.537962962890625 0.157291666015625 0.533333333984375 0.156770833984375 0.531481482421875 0.160416666015625 0.5268518515625 0.1625 0.5194444453125 0.159375 0.52037037109375 0.138541666015625 0.517592591796875 0.125 0.49907407421875 0.125520833984375 0.4944444453125 0.129166666015625 0.49537037109375 0.136979166015625 0.478703703125 0.138541666015625 0.47407407421875 0.136979166015625 0.47222222265625 0.133854166015625 0.47222222265625 0.125520833984375 0.4518518515625 0.121354166015625 0.412962962890625 0.121354166015625 0.408333333984375 0.122916666015625 0.381481482421875 0.121354166015625 0.375 0.1234375 0.375 0.2171875 0.367592591796875 0.2234375 0.367592591796875 0.242708333984375 0.37407407421875 0.248958333984375
0 0.703703703125 0.3609375 0.715740740234375 0.359895833984375 0.7194444453125 0.353125 0.7194444453125 0.3375 0.731481482421875 0.334895833984375 0.737962962890625 0.330208333984375 0.74537037109375 0.314583333984375 0.758333333984375 0.306770833984375 0.74722222265625 0.301041666015625 0.7444444453125 0.297395833984375 0.74722222265625 0.28125 0.732407408203125 0.275 0.7194444453125 0.275 0.711111111328125 0.2703125 0.69907407421875 0.2703125 0.6768518515625 0.275520833984375 0.6768518515625 0.279166666015625 0.6805555546875 0.281770833984375 0.6805555546875 0.304166666015625 0.687962962890625 0.313541666015625 0.681481482421875 0.3171875 0.678703703125 0.336979166015625 0.67222222265625 0.341666666015625 0.665740740234375 0.341145833984375 0.661111111328125 0.345833333984375 0.661111111328125 0.35625 0.667592591796875 0.359375 0.703703703125 0.3609375
0 0.6768518515625 0.270833333984375 0.688888888671875 0.26875 0.712962962890625 0.26875 0.7194444453125 0.261979166015625 0.717592591796875 0.244270833984375 0.72407407421875 0.240625 0.728703703125 0.240625 0.7305555546875 0.2375 0.728703703125 0.232291666015625 0.72222222265625 0.2328125 0.717592591796875 0.230208333984375 0.7194444453125 0.20625 0.714814814453125 0.2046875 0.703703703125 0.2046875 0.690740740234375 0.2078125 0.683333333984375 0.205729166015625 0.6805555546875 0.2015625 0.6805555546875 0.180729166015625 0.67222222265625 0.177083333984375 0.658333333984375 0.178125 0.614814814453125 0.175520833984375 0.589814814453125 0.1765625 0.589814814453125 0.209895833984375 0.59537037109375 0.217708333984375 0.6018518515625 0.219270833984375 0.611111111328125 0.2265625 0.614814814453125 0.233333333984375 0.614814814453125 0.240625 0.62407407421875 0.2484375 0.62407407421875 0.251041666015625 0.6481481484375 0.252604166015625 0.660185185546875 0.256770833984375 0.664814814453125 0.2609375 0.665740740234375 0.26875 0.6768518515625 0.270833333984375
0 0.47037037109375 0.240625 0.467592591796875 0.2390625 0.4694444453125 0.24375 0.464814814453125 0.244270833984375 0.456481482421875 0.25 0.433333333984375 0.251041666015625 0.417592591796875 0.2546875 0.4194444453125 0.269270833984375 0.412962962890625 0.275 0.412962962890625 0.286979166015625 0.414814814453125 0.293229166015625 0.42037037109375 0.297916666015625 0.4268518515625 0.299479166015625 0.4518518515625 0.3 0.49722222265625 0.297395833984375 0.510185185546875 0.294791666015625 0.514814814453125 0.2921875 0.515740740234375 0.288020833984375 0.514814814453125 0.271354166015625 0.52407407421875 0.267708333984375 0.52592592578125 0.265104166015625 0.52592592578125 0.255208333984375 0.536111111328125 0.259375 0.558333333984375 0.259375 0.561111111328125 0.2515625 0.558333333984375 0.227604166015625 0.563888888671875 0.225 0.57222222265625 0.2265625 0.575 0.223958333984375 0.5731481484375 0.208333333984375 0.567592591796875 0.209895833984375 0.561111111328125 0.209375 0.561111111328125 0.18125 0.558333333984375 0.1765625 0.55 0.176041666015625 0.536111111328125 0.178125 0.536111111328125 0.191145833984375 0.533333333984375 0.192708333984375 0.52592592578125 0.191666666015625 0.52222222265625 0.193229166015625 0.52222222265625 0.203125 0.515740740234375 0.209375 0.503703703125 0.209375 0.49722222265625 0.205729166015625 0.4944444453125 0.194270833984375 0.47407407421875 0.194791666015625 0.47407407421875 0.216666666015625 0.47037037109375 0.222916666015625 0.47407407421875 0.236979166015625 0.47037037109375 0.240625
0 0.5055555546875 0.632291666015625 0.503703703125 0.640104166015625 0.506481482421875 0.641666666015625 0.512962962890625 0.641666666015625 0.515740740234375 0.636979166015625 0.514814814453125 0.630208333984375 0.510185185546875 0.626041666015625 0.49907407421875 0.622916666015625 0.503703703125 0.625520833984375 0.49907407421875 0.6265625 0.503703703125 0.628645833984375 0.5055555546875 0.632291666015625
0 0.506481482421875 0.574479166015625 0.515740740234375 0.574479166015625 0.515740740234375 0.5689234375 0.512962962890625 0.568229166015625 0.515740740234375 0.566145833984375 0.510185185546875 0.567708333984375 0.510185185546875 0.560416666015625 0.506481482421875 0.560416666015625 0.508333333984375 0.568229166015625 0.503703703125 0.5703125 0.506481482421875 0.574479166015625
0 0.458333333984375 0.6484375 0.47222222265625 0.6453125 0.47222222265625 0.638020833984375 0.462037037109375 0.633854166015625 0.460185185546875 0.626041666015625 0.484259259765625 0.6203125 0.489814814453125 0.6109375 0.506481482421875 0.6078125 0.511111111328125 0.605208333984375 0.517592591796875 0.6 0.517592591796875 0.59375 0.512037037109375 0.586979166015625 0.492592591796875 0.58125 0.489814814453125 0.572395833984375 0.481481482421875 0.565625 0.47222222265625 0.563020833984375 0.464814814453125 0.566666666015625 0.460185185546875 0.566145833984375 0.456481482421875 0.551041666015625 0.458333333984375 0.54375 0.461111111328125 0.5421875 0.461111111328125 0.523958333984375 0.458333333984375 0.519270833984375 0.453703703125 0.51875 0.45 0.515625 0.44722222265625 0.509895833984375 0.438888888671875 0.506770833984375 0.425 0.5046875 0.389814814453125 0.502083333984375 0.364814814453125 0.502083333984375 0.3518518515625 0.508333333984375 0.3518518515625 0.5265625 0.358333333984375 0.5328125 0.356481482421875 0.5640625 0.353703703125 0.5703125 0.353703703125 0.613020833984375 0.356481482421875 0.625 0.356481482421875 0.645833333984375 0.3518518515625 0.649479166015625 0.353703703125 0.670833333984375 0.37037037109375 0.682291666015625 0.385185185546875 0.684895833984375 0.44907407421875 0.684895833984375 0.461111111328125 0.680208333984375 0.458333333984375 0.6484375
0 0.52592592578125 0.594270833984375 0.5268518515625 0.6 0.528703703125 0.594270833984375 0.52592592578125 0.594270833984375
0 0.67407407421875 0.566145833984375 0.678703703125 0.5703125 0.688888888671875 0.570833333984375 0.69722222265625 0.575520833984375 0.717592591796875 0.574479166015625 0.72222222265625 0.5640625 0.72037037109375 0.55625 0.72777777734375 0.552083333984375 0.737962962890625 0.55 0.737962962890625 0.544270833984375 0.72222222265625 0.5390625 0.72407407421875 0.51875 0.717592591796875 0.515104166015625 0.690740740234375 0.510416666015625 0.689814814453125 0.494270833984375 0.686111111328125 0.489583333984375 0.661111111328125 0.489583333984375 0.658333333984375 0.494270833984375 0.658333333984375 0.50625 0.6518518515625 0.508333333984375 0.65092592578125 0.511458333984375 0.6518518515625 0.529166666015625 0.660185185546875 0.5359375 0.67222222265625 0.5390625 0.67592592578125 0.538541666015625 0.678703703125 0.540625 0.6768518515625 0.5453125 0.6731481484375 0.546354166015625 0.67222222265625 0.549479166015625 0.662962962890625 0.55625 0.67037037109375 0.565625 0.67407407421875 0.566145833984375
0 0.492592591796875 0.685416666015625 0.486111111328125 0.694270833984375 0.486111111328125 0.704166666015625 0.489814814453125 0.709895833984375 0.5018518515625 0.713020833984375 0.5555555546875 0.7125 0.5694444453125 0.709895833984375 0.5768518515625 0.70625 0.578703703125 0.688541666015625 0.589814814453125 0.681770833984375 0.585185185546875 0.667708333984375 0.60092592578125 0.659375 0.608333333984375 0.65 0.62222222265625 0.64375 0.62407407421875 0.640104166015625 0.6194444453125 0.632291666015625 0.612962962890625 0.629166666015625 0.614814814453125 0.627083333984375 0.611111111328125 0.630208333984375 0.606481482421875 0.628125 0.606481482421875 0.622395833984375 0.6018518515625 0.6171875 0.588888888671875 0.609375 0.583333333984375 0.6 0.57222222265625 0.592708333984375 0.57222222265625 0.572916666015625 0.566666666015625 0.568229166015625 0.557407408203125 0.566145833984375 0.5268518515625 0.565625 0.52037037109375 0.569791666015625 0.5194444453125 0.581770833984375 0.52407407421875 0.584895833984375 0.52962962890625 0.584895833984375 0.533333333984375 0.586979166015625 0.536111111328125 0.59375 0.533333333984375 0.60625 0.52222222265625 0.6125 0.52037037109375 0.616145833984375 0.5194444453125 0.643229166015625 0.513888888671875 0.646354166015625 0.49907407421875 0.645833333984375 0.493518517578125 0.647916666015625 0.489814814453125 0.65625 0.492592591796875 0.685416666015625
0 0.6494140625 0.6181640625 0.091796875 0.11328125