0 0.2 0.87777777734375 0.1625 0.87962962890625 0.1578125 0.8731481484375 0.160416666015625 0.867592591796875 0.159895833984375 0.863888888671875 0.144270833984375 0.862037037109375 0.140104166015625 0.864814814453125 0.14375 0.87222222265625 0.142708333984375 0.87777777734375 0.108333333984375 0.87962962890625 0.10625 0.90092592578125 0.1078125 0.907407408203125 0.104166666015625 0.92592592578125 0.0921875 0.92592592578125 0.086979166015625 0.934259259765625 0.070833333984375 0.932407408203125 0.063541666015625 0.939814814453125 0.05625 0.957407408203125 0.054166666015625 0.996296296875 0.24375 0.9981481484375 0.24375 0.9481481484375 0.2421875 0.938888888671875 0.238020833984375 0.934259259765625 0.206770833984375 0.932407408203125 0.204166666015625 0.9231481484375 0.201041666015625 0.92037037109375 0.2 0.912962962890625 0.2 0.87777777734375
0 0.85 0.65462962890625 0.85 0.64722222265625 0.838541666015625 0.65092592578125 0.84375 0.65462962890625 0.85 0.65462962890625
0 0.820833333984375 0.585185185546875 0.81875 0.582407408203125 0.803645833984375 0.582407408203125 0.801041666015625 0.57962962890625 0.801041666015625 0.571296296875 0.794791666015625 0.5731481484375 0.7953125 0.57777777734375 0.7921875 0.582407408203125 0.771354166015625 0.582407408203125 0.769270833984375 0.585185185546875 0.769270833984375 0.6018518515625 0.764583333984375 0.610185185546875 0.752604166015625 0.612037037109375 0.7453125 0.618518517578125 0.7453125 0.666666666015625 0.75 0.67592592578125 0.765625 0.67592592578125 0.770833333984375 0.671296296875 0.81875 0.6731481484375 0.822916666015625 0.666666666015625 0.8234375 0.65092592578125 0.827083333984375 0.638888888671875 0.825520833984375 0.632407408203125 0.827604166015625 0.62777777734375 0.8375 0.62777777734375 0.840104166015625 0.632407408203125 0.842708333984375 0.632407408203125 0.846354166015625 0.641666666015625 0.849479166015625 0.641666666015625 0.849479166015625 0.621296296875 0.846354166015625 0.618518517578125 0.826041666015625 0.616666666015625 0.822395833984375 0.612962962890625 0.821875 0.607407408203125 0.819791666015625 0.6055555546875 0.821354166015625 0.5981481484375 0.820833333984375 0.585185185546875
0 0.6953125 0.382407408203125 0.695833333984375 0.385185185546875 0.699479166015625 0.387037037109375 0.743229166015625 0.387037037109375 0.747395833984375 0.37962962890625 0.746354166015625 0.361111111328125 0.744270833984375 0.3555555546875 0.73125 0.346296296875 0.713020833984375 0.343518517578125 0.706770833984375 0.34907407421875 0.7046875 0.35462962890625 0.696354166015625 0.357407408203125 0.6953125 0.382407408203125
0 0.784375 0.47777777734375 0.7828125 0.510185185546875 0.788541666015625 0.5194444453125 0.790625 0.533333333984375 0.8046875 0.535185185546875 0.811979166015625 0.5305555546875 0.81875 0.5305555546875 0.825520833984375 0.521296296875 0.822916666015625 0.509259259765625 0.8234375 0.50462962890625 0.821354166015625 0.5 0.820833333984375 0.4518518515625 0.8171875 0.4481481484375 0.815625 0.45092592578125 0.8015625 0.45277777734375 0.797916666015625 0.463888888671875 0.790625 0.471296296875 0.7875 0.471296296875 0.784375 0.47777777734375
0 0.651041666015625 0.67592592578125 0.625 0.67592592578125 0.6234375 0.67037037109375 0.627083333984375 0.665740740234375 0.626041666015625 0.662037037109375 0.613020833984375 0.662037037109375 0.613541666015625 0.666666666015625 0.618229166015625 0.6694444453125 0.6171875 0.67592592578125 0.585416666015625 0.67777777734375 0.583854166015625 0.693518517578125 0.584375 0.696296296875 0.591666666015625 0.69722222265625 0.590104166015625 0.70462962890625 0.581770833984375 0.70277777734375 0.577604166015625 0.710185185546875 0.555729166015625 0.712037037109375 0.552604166015625 0.72592592578125 0.553125 0.7805555546875 0.559895833984375 0.793518517578125 0.575 0.793518517578125 0.578125 0.788888888671875 0.630729166015625 0.787962962890625 0.665104166015625 0.788888888671875 0.66875 0.791666666015625 0.686458333984375 0.793518517578125 0.6890625 0.784259259765625 0.6875 0.72777777734375 0.68125 0.712037037109375 0.6640625 0.710185185546875 0.659375 0.70462962890625 0.653125 0.70462962890625 0.6515625 0.696296296875 0.652604166015625 0.678703703125 0.651041666015625 0.67592592578125
0 0.74375 0.410185185546875 0.740104166015625 0.410185185546875 0.736979166015625 0.413888888671875 0.736458333984375 0.441666666015625 0.739583333984375 0.4444444453125 0.7546875 0.446296296875 0.795833333984375 0.446296296875 0.797395833984375 0.443518517578125 0.796354166015625 0.416666666015625 0.794270833984375 0.412037037109375 0.7875 0.410185185546875 0.783333333984375 0.4055555546875 0.779166666015625 0.396296296875 0.771354166015625 0.391666666015625 0.753125 0.3944444453125 0.74375 0.410185185546875
0 0.666015625 0.302734375 0.03515625 0.03515625
0 0.716796875 0.296875 0.03125 0.03125
0 0.7470703125 0.3076171875 0.0390625 0.03515625
0 0.7412109375 0.333984375 0.0390625 0.033203125