0 0.883333333984375 0.334259259765625 0.882291666015625 0.3194444453125 0.880729166015625 0.316666666015625 0.869270833984375 0.313888888671875 0.8625 0.3055555546875 0.853125 0.307407408203125 0.8390625 0.318518517578125 0.838541666015625 0.334259259765625 0.844270833984375 0.338888888671875 0.882291666015625 0.337037037109375 0.883333333984375 0.334259259765625
0 0.7828125 0.335185185546875 0.786979166015625 0.332407408203125 0.786458333984375 0.3194444453125 0.777604166015625 0.316666666015625 0.772916666015625 0.312037037109375 0.759895833984375 0.310185185546875 0.74375 0.3194444453125 0.74375 0.331481482421875 0.75 0.334259259765625 0.7625 0.332407408203125 0.7828125 0.335185185546875
0 0.670833333984375 0.557407408203125 0.68125 0.559259259765625 0.6953125 0.5555555546875 0.724479166015625 0.5555555546875 0.740104166015625 0.55092592578125 0.7484375 0.55277777734375 0.755208333984375 0.559259259765625 0.7796875 0.559259259765625 0.784895833984375 0.55277777734375 0.786979166015625 0.538888888671875 0.7890625 0.535185185546875 0.804166666015625 0.537037037109375 0.8078125 0.532407408203125 0.810416666015625 0.496296296875 0.808333333984375 0.45462962890625 0.805208333984375 0.4305555546875 0.798958333984375 0.4231481484375 0.774479166015625 0.4231481484375 0.771354166015625 0.42592592578125 0.7640625 0.42222222265625 0.761979166015625 0.371296296875 0.740104166015625 0.3694444453125 0.70625 0.3731481484375 0.699479166015625 0.365740740234375 0.7046875 0.3481481484375 0.702604166015625 0.346296296875 0.702604166015625 0.35277777734375 0.697395833984375 0.35277777734375 0.6984375 0.346296296875 0.691666666015625 0.346296296875 0.6873265625 0.3481481484375 0.686979166015625 0.35277777734375 0.684027603515625 0.3481481484375 0.683603046875 0.3526785703125 0.688541666015625 0.35462962890625 0.689583333984375 0.358333333984375 0.688541666015625 0.363888888671875 0.6828125 0.371296296875 0.665625 0.37592592578125 0.656770833984375 0.37407407421875 0.655208333984375 0.413888888671875 0.653645833984375 0.42037037109375 0.651041666015625 0.4231481484375 0.642708333984375 0.42592592578125 0.636979166015625 0.4231481484375 0.634375 0.416666666015625 0.6203125 0.416666666015625 0.616145833984375 0.4305555546875 0.606770833984375 0.437037037109375 0.575 0.441666666015625 0.56875 0.460185185546875 0.564583333984375 0.512037037109375 0.563020833984375 0.5555555546875 0.573958333984375 0.564814814453125 0.603125 0.563888888671875 0.606770833984375 0.557407408203125 0.636979166015625 0.5555555546875 0.665625 0.560185185546875 0.670833333984375 0.557407408203125
0 0.008854166015625 0.993518517578125 0.0125 0.9944444453125 0.013541666015625 0.991666666015625 0.008854166015625 0.993518517578125
0 0.00625 0.989814814453125 0.0046875 0.989814814453125 0.0046875 0.993518517578125 0.006770833984375 0.993518517578125 0.00625 0.989814814453125
0 0.0185546875 0.98046875 0.001953125 0.0009765625
0 0.0625 0.962037037109375 0.060416666015625 0.966666666015625 0.0625 0.962962962890625 0.064583333984375 0.966666666015625 0.0625 0.962037037109375
0 0.049479166015625 0.971296296875 0.0515625 0.966666666015625 0.050520833984375 0.963888888671875 0.043229166015625 0.962037037109375 0.041666666015625 0.962037037109375 0.042708333984375 0.966666666015625 0.044791666015625 0.964814814453125 0.049479166015625 0.971296296875
0 0.0765625 0.962037037109375 0.070833333984375 0.962037037109375 0.077604166015625 0.9731481484375 0.0796875 0.966666666015625 0.0765625 0.962037037109375
0 0.0671875 0.959259259765625 0.0734375 0.9555555546875 0.06875 0.9555555546875 0.0671875 0.959259259765625
0 0.0484375 0.8731481484375 0.047916666015625 0.8768518515625 0.050520833984375 0.8805555546875 0.05 0.8694444453125 0.0484375 0.8731481484375
0 0.125520833984375 0.7481481484375 0.1203125 0.75462962890625 0.119270833984375 0.763888888671875 0.123958333984375 0.766666666015625 0.1296875 0.75092592578125 0.125520833984375 0.7481481484375
0 0.122916666015625 0.718518517578125 0.122916666015625 0.7231481484375 0.124479166015625 0.718518517578125 0.122916666015625 0.718518517578125
0 0.144791666015625 0.721296296875 0.1484375 0.7231481484375 0.15625 0.721296296875 0.155729166015625 0.718518517578125 0.147291666015625 0.718518517578125 0.147395833984375 0.721296296875 0.144791666015625 0.721296296875
0 0.133333333984375 0.7231481484375 0.1328125 0.718518517578125 0.127083333984375 0.718518517578125 0.127604166015625 0.7231481484375 0.130208333984375 0.725 0.141145833984375 0.7194444453125 0.14452874609375 0.72116275 0.144479166015625 0.718518517578125 0.135677083984375 0.718518517578125 0.133333333984375 0.7231481484375
0 0.122395833984375 0.666666666015625 0.122395833984375 0.67777777734375 0.119791666015625 0.682407408203125 0.11875 0.691666666015625 0.119791666015625 0.696296296875 0.1234375 0.6981481484375 0.128645833984375 0.691666666015625 0.130729166015625 0.682407408203125 0.126041666015625 0.67777777734375 0.127083333984375 0.660185185546875 0.13125 0.657407408203125 0.141145833984375 0.657407408203125 0.1421875 0.65092592578125 0.140625 0.6481481484375 0.130208333984375 0.65092592578125 0.122916666015625 0.6481481484375 0.119270833984375 0.65277777734375 0.121354166015625 0.660185185546875 0.126041666015625 0.662037037109375 0.125 0.668518517578125 0.122395833984375 0.666666666015625
0 0.223958333984375 0.518518517578125 0.23125 0.518518517578125 0.225 0.516666666015625 0.223958333984375 0.518518517578125
0 0.23046875 0.5107421875 0.0009765625 0.001953125
0 0.2515625 0.489814814453125 0.246875 0.489814814453125 0.246875 0.493518517578125 0.2484375 0.4944444453125 0.2515625 0.489814814453125
0 0.286979166015625 0.482407408203125 0.2859375 0.484259259765625 0.288541666015625 0.487037037109375 0.293229166015625 0.484259259765625 0.286979166015625 0.482407408203125
0 0.271484375 0.4833984375 0.0009765625 0.001953125
0 0.261458333984375 0.4981481484375 0.264583333984375 0.509259259765625 0.280208333984375 0.50462962890625 0.280208333984375 0.496296296875 0.275520833984375 0.49722222265625 0.267708333984375 0.493518517578125 0.269270833984375 0.485185185546875 0.2671875 0.482407408203125 0.261284896484375 0.482407408203125 0.259375 0.486111111328125 0.2578125 0.4805555546875 0.255729166015625 0.482407408203125 0.259375 0.488888888671875 0.2546875 0.4944444453125 0.2546875 0.49907407421875 0.261458333984375 0.4981481484375
0 0.2375 0.488888888671875 0.236458333984375 0.4805555546875 0.245833333984375 0.4805555546875 0.241145833984375 0.47777777734375 0.233333333984375 0.4805555546875 0.234895833984375 0.483333333984375 0.233333333984375 0.487037037109375 0.2375 0.488888888671875
0 0.2890625 0.46875 0.0009765625 0.0009765625
0 0 0.963888888671875 0.002083333984375 0.964814814453125 0 0.971296296875 0.009895833984375 0.9731481484375 0.011458333984375 0.968518517578125 0.013541666015625 0.968518517578125 0.014583333984375 0.9731481484375 0.01875 0.9731481484375 0.025520833984375 0.966666666015625 0.0375 0.966666666015625 0.038020833984375 0.9555555546875 0.041145833984375 0.95092592578125 0.044791666015625 0.937037037109375 0.0546875 0.92777777734375 0.060416666015625 0.918518517578125 0.074479166015625 0.918518517578125 0.075 0.9555555546875 0.077604166015625 0.957407408203125 0.080208333984375 0.95462962890625 0.083333333984375 0.964814814453125 0.091145833984375 0.9694444453125 0.0953125 0.966666666015625 0.094791666015625 0.962037037109375 0.09765625 0.962037037109375 0.100520833984375 0.968518517578125 0.1203125 0.968518517578125 0.1328125 0.966666666015625 0.136979166015625 0.962037037109375 0.144270833984375 0.962037037109375 0.1578125 0.9555555546875 0.184895833984375 0.95277777734375 0.188541666015625 0.957407408203125 0.1890625 0.95092592578125 0.197916666015625 0.95092592578125 0.203125 0.9555555546875 0.2046875 0.95277777734375 0.228645833984375 0.95092592578125 0.230208333984375 0.9481481484375 0.2328125 0.9481481484375 0.234895833984375 0.963888888671875 0.23828125 0.963888888671875 0.238541666015625 0.959259259765625 0.241666666015625 0.963888888671875 0.24375 0.960185185546875 0.249479166015625 0.960185185546875 0.251041666015625 0.9555555546875 0.248958333984375 0.95277777734375 0.251041666015625 0.94907407421875 0.260416666015625 0.9481481484375 0.269270833984375 0.943518517578125 0.286979166015625 0.946296296875 0.307291666015625 0.943518517578125 0.309375 0.95277777734375 0.327604166015625 0.95277777734375 0.33125 0.9555555546875 0.332291666015625 0.95277777734375 0.366666666015625 0.95277777734375 0.369270833984375 0.95092592578125 0.370052083984375 0.943518517578125 0.384375 0.937037037109375 0.3890625 0.9305555546875 0.397916666015625 0.92777777734375 0.404166666015625 0.918518517578125 0.414583333984375 0.85277777734375 0.419270833984375 0.843518517578125 0.424479166015625 0.841666666015625 0.432291666015625 0.82777777734375 0.434895833984375 0.82777777734375 0.444791666015625 0.816666666015625 0.451041666015625 0.814814814453125 0.4734375 0.818518517578125 0.508333333984375 0.818518517578125 0.51875 0.809259259765625 0.523958333984375 0.787037037109375 0.5265625 0.759259259765625 0.526041666015625 0.714814814453125 0.527604166015625 0.6805555546875 0.523958333984375 0.613888888671875 0.5140625 0.5981481484375 0.5109375 0.587037037109375 0.500520833984375 0.57592592578125 0.4453125 0.57592592578125 0.44375 0.5731481484375 0.44375 0.493518517578125 0.441666666015625 0.4731481484375 0.438541666015625 0.466666666015625 0.371875 0.466666666015625 0.351041666015625 0.468518517578125 0.3375 0.4731481484375 0.316145833984375 0.47407407421875 0.310416666015625 0.47592592578125 0.309895833984375 0.4805555546875 0.316145833984375 0.487037037109375 0.317708333984375 0.493518517578125 0.316666666015625 0.50462962890625 0.319270833984375 0.510185185546875 0.313541666015625 0.513888888671875 0.304166666015625 0.513888888671875 0.299479166015625 0.510185185546875 0.294270833984375 0.521296296875 0.292708333984375 0.5305555546875 0.270833333984375 0.5305555546875 0.2671875 0.52592592578125 0.258333333984375 0.5231481484375 0.253645833984375 0.516666666015625 0.239583333984375 0.516666666015625 0.236458333984375 0.521296296875 0.227604166015625 0.5231481484375 0.2265625 0.52592592578125 0.215625 0.52777777734375 0.205208333984375 0.535185185546875 0.195833333984375 0.537037037109375 0.1890625 0.541666666015625 0.175 0.543518517578125 0.169791666015625 0.5481481484375 0.166666666015625 0.55277777734375 0.172395833984375 0.562037037109375 0.175520833984375 0.5768518515625 0.173958333984375 0.6944444453125 0.175 0.69907407421875 0.172916666015625 0.7055555546875 0.174479166015625 0.716666666015625 0.172916666015625 0.732407408203125 0.175 0.7481481484375 0.174479166015625 0.782407408203125 0.171354166015625 0.787037037109375 0.117708333984375 0.787037037109375 0.0875 0.791666666015625 0.080729166015625 0.80277777734375 0.069270833984375 0.812962962890625 0.063541666015625 0.82962962890625 0.058854166015625 0.837037037109375 0.059895833984375 0.843518517578125 0.0578125 0.8481481484375 0.057291666015625 0.857407408203125 0.053125 0.862962962890625 0.052604166015625 0.859259259765625 0.043229166015625 0.859259259765625 0.0390625 0.8555555546875 0.034895833984375 0.846296296875 0.032291666015625 0.84537037109375 0.031770833984375 0.832407408203125 0.0359375 0.82777777734375 0.0359375 0.8231481484375 0.032291666015625 0.814814814453125 0.0296875 0.812037037109375 0.025520833984375 0.813888888671875 0.022395833984375 0.809259259765625 0.018229166015625 0.811111111328125 0.018229166015625 0.8018518515625 0.0203125 0.80092592578125 0.020833333984375 0.796296296875 0.0265625 0.786111111328125 0.029166666015625 0.782407408203125 0.036979166015625 0.782407408203125 0.0375 0.75462962890625 0.007291666015625 0.75277777734375 0 0.757407408203125 0 0.793518517578125 0.003125 0.7981481484375 0.002604166015625 0.80092592578125 0 0.80092592578125 0 0.809259259765625 0.0015625 0.810185185546875 0 0.818518517578125 0.0046875 0.8194444453125 0.004166666015625 0.8231481484375 0 0.82777777734375 0.002083333984375 0.837037037109375 0.00625 0.841666666015625 0.003645833984375 0.85 0 0.85092592578125 0 0.87592592578125 0.003645833984375 0.887037037109375 0.004166666015625 0.90277777734375 0 0.912037037109375 0 0.963888888671875
0 0.263541666015625 0.436111111328125 0.26875 0.438888888671875 0.26875 0.435185185546875 0.263541666015625 0.436111111328125