0 0.850520833984375 0.196296296875 0.8609375 0.189814814453125 0.8734375 0.189814814453125 0.88125 0.193518517578125 0.914583333984375 0.193518517578125 0.918229166015625 0.191666666015625 0.91875 0.188888888671875 0.919270833984375 0.135185185546875 0.918229166015625 0.132407408203125 0.9125 0.1305555546875 0.902604166015625 0.1305555546875 0.89375 0.135185185546875 0.8859375 0.143518517578125 0.875520833984375 0.146296296875 0.859375 0.157407408203125 0.85 0.15092592578125 0.839583333984375 0.15092592578125 0.833854166015625 0.160185185546875 0.831770833984375 0.17962962890625 0.8203125 0.1805555546875 0.816666666015625 0.186111111328125 0.816145833984375 0.191666666015625 0.834375 0.191666666015625 0.839583333984375 0.196296296875 0.850520833984375 0.196296296875
0 0.763020833984375 0.638888888671875 0.761979166015625 0.643518517578125 0.766145833984375 0.643518517578125 0.766145833984375 0.637037037109375 0.763020833984375 0.638888888671875
0 0.572916666015625 0.566666666015625 0.578645833984375 0.566666666015625 0.574479166015625 0.563888888671875 0.572916666015625 0.566666666015625
0 0.4765625 0.556640625 0.0009765625 0.001953125
0 0.569270833984375 0.5555555546875 0.56875 0.560185185546875 0.571875 0.562037037109375 0.572395833984375 0.559259259765625 0.569270833984375 0.5555555546875
0 0.466796875 0.544921875 0.0009765625 0.001953125
0 0.480729166015625 0.55277777734375 0.4828125 0.5481481484375 0.480729166015625 0.538888888671875 0.4796875 0.546296296875 0.4765625 0.55092592578125 0.478645833984375 0.5481481484375 0.480729166015625 0.55277777734375
0 0.3671875 0.538888888671875 0.3703125 0.538888888671875 0.36875 0.537037037109375 0.3671875 0.538888888671875
0 0.761458333984375 0.537962962890625 0.7609375 0.535185185546875 0.755208333984375 0.537037037109375 0.753125 0.538888888671875 0.758333333984375 0.543518517578125 0.764583333984375 0.535185185546875 0.761458333984375 0.537962962890625
0 0.5359375 0.52592592578125 0.533333333984375 0.52962962890625 0.532291666015625 0.535185185546875 0.543229166015625 0.532407408203125 0.541145833984375 0.52592592578125 0.5359375 0.52592592578125
0 0.506770833984375 0.52592592578125 0.507291666015625 0.537962962890625 0.509375 0.538888888671875 0.511458333984375 0.52777777734375 0.506770833984375 0.52592592578125
0 0.483854166015625 0.5305555546875 0.484375 0.52777777734375 0.4734375 0.52592592578125 0.476041666015625 0.52962962890625 0.477777603515625 0.52777777734375 0.483854166015625 0.5305555546875
0 0.544791666015625 0.52592592578125 0.54375 0.5305555546875 0.55 0.532407408203125 0.55 0.52407407421875 0.544791666015625 0.52592592578125
0 0.394270833984375 0.9981481484375 0.4 0.993518517578125 0.435416666015625 0.9981481484375 0.586458333984375 0.9981481484375 0.607291666015625 0.993518517578125 0.63125 0.9981481484375 0.938020833984375 0.9981481484375 0.941666666015625 0.9944444453125 0.994270833984375 0.9981481484375 0.995833333984375 0.9944444453125 0.999479166015625 0.993518517578125 0.999479166015625 0.971296296875 0.997395833984375 0.968518517578125 0.996354166015625 0.94907407421875 0.996354166015625 0.941666666015625 0.999479166015625 0.935185185546875 0.999479166015625 0.914814814453125 0.997395833984375 0.911111111328125 0.999479166015625 0.909259259765625 0.999479166015625 0.87777777734375 0.997395833984375 0.87592592578125 0.997395833984375 0.863888888671875 0.999479166015625 0.862037037109375 0.999479166015625 0.841666666015625 0.997395833984375 0.840740740234375 0.997395833984375 0.796296296875 0.992708333984375 0.7805555546875 0.985416666015625 0.768518517578125 0.978125 0.762037037109375 0.938541666015625 0.762962962890625 0.922395833984375 0.759259259765625 0.913541666015625 0.743518517578125 0.9125 0.737037037109375 0.902083333984375 0.714814814453125 0.8953125 0.710185185546875 0.857291666015625 0.707407408203125 0.855208333984375 0.70462962890625 0.853125 0.685185185546875 0.845833333984375 0.67592592578125 0.8125 0.6805555546875 0.809895833984375 0.685185185546875 0.808333333984375 0.7055555546875 0.805208333984375 0.709259259765625 0.7671875 0.710185185546875 0.764583333984375 0.69722222265625 0.766145833984375 0.671296296875 0.763541666015625 0.6694444453125 0.7578125 0.6731481484375 0.752083333984375 0.664814814453125 0.75 0.641666666015625 0.746354166015625 0.635185185546875 0.728645833984375 0.62592592578125 0.7078125 0.6231481484375 0.7 0.616666666015625 0.688541666015625 0.612962962890625 0.6890625 0.60092592578125 0.7203125 0.585185185546875 0.759895833984375 0.585185185546875 0.761979166015625 0.587962962890625 0.761458333984375 0.591666666015625 0.764583333984375 0.593518517578125 0.7640625 0.55277777734375 0.760416666015625 0.5481481484375 0.757291666015625 0.5481481484375 0.75625 0.556481482421875 0.754166666015625 0.559259259765625 0.7203125 0.560185185546875 0.713020833984375 0.563888888671875 0.711458333984375 0.560185185546875 0.70625 0.559259259765625 0.703125 0.5555555546875 0.698958333984375 0.5555555546875 0.6921875 0.562037037109375 0.680208333984375 0.557407408203125 0.665625 0.532407408203125 0.656770833984375 0.5305555546875 0.6515625 0.5231481484375 0.6453125 0.521296296875 0.64375 0.518518517578125 0.64375 0.50092592578125 0.640104166015625 0.49722222265625 0.639583333984375 0.489814814453125 0.6375 0.488888888671875 0.635416666015625 0.491666666015625 0.6359375 0.5055555546875 0.631770833984375 0.517592591796875 0.613541666015625 0.52777777734375 0.610416666015625 0.534259259765625 0.605208333984375 0.538888888671875 0.6 0.55092592578125 0.594791666015625 0.5731481484375 0.5765625 0.5731481484375 0.5703125 0.568518517578125 0.565625 0.5731481484375 0.526041666015625 0.57592592578125 0.521354166015625 0.568518517578125 0.518229166015625 0.568518517578125 0.516145833984375 0.560185185546875 0.511979166015625 0.5555555546875 0.5078125 0.5555555546875 0.5046875 0.559259259765625 0.49375 0.557407408203125 0.4890625 0.560185185546875 0.4875 0.564814814453125 0.475 0.568518517578125 0.469791666015625 0.566666666015625 0.458854166015625 0.5555555546875 0.458333333984375 0.54907407421875 0.4609375 0.546296296875 0.461458333984375 0.541666666015625 0.459895833984375 0.537037037109375 0.454166666015625 0.532407408203125 0.45625 0.52592592578125 0.4515625 0.52592592578125 0.449479166015625 0.532407408203125 0.4453125 0.532407408203125 0.44375 0.540740740234375 0.441145833984375 0.5444444453125 0.441666666015625 0.566666666015625 0.444270833984375 0.581481482421875 0.442708333984375 0.643518517578125 0.444791666015625 0.707407408203125 0.450520833984375 0.718518517578125 0.473958333984375 0.7231481484375 0.4765625 0.737037037109375 0.472916666015625 0.746296296875 0.4671875 0.75 0.444270833984375 0.75 0.4390625 0.746296296875 0.435416666015625 0.732407408203125 0.421875 0.72592592578125 0.3875 0.721296296875 0.3375 0.72592592578125 0.325520833984375 0.7305555546875 0.313541666015625 0.741666666015625 0.3078125 0.762962962890625 0.30625 0.778703703125 0.3046875 0.843518517578125 0.30625 0.87962962890625 0.30625 0.9981481484375 0.394270833984375 0.9981481484375
0 0.6611328125 0.48046875 0.0009765625 0.0009765625
0 0.634895833984375 0.484259259765625 0.640104166015625 0.4805555546875 0.647395833984375 0.482407408203125 0.649479166015625 0.4805555546875 0.65 0.47592592578125 0.648958333984375 0.468518517578125 0.619270833984375 0.466666666015625 0.611979166015625 0.4694444453125 0.60625 0.47777777734375 0.605729166015625 0.4805555546875 0.616145833984375 0.47962962890625 0.618229166015625 0.484259259765625 0.634895833984375 0.484259259765625
0 0.297395833984375 0.546296296875 0.306770833984375 0.546296296875 0.322395833984375 0.541666666015625 0.324479166015625 0.538888888671875 0.330729166015625 0.538888888671875 0.335416666015625 0.534259259765625 0.338020833984375 0.52407407421875 0.351041666015625 0.5231481484375 0.3578125 0.5194444453125 0.411458333984375 0.5194444453125 0.4203125 0.516666666015625 0.441666666015625 0.516666666015625 0.445833333984375 0.513888888671875 0.472395833984375 0.514814814453125 0.483333333984375 0.518518517578125 0.525 0.518518517578125 0.5453125 0.514814814453125 0.5671875 0.516666666015625 0.570833333984375 0.513888888671875 0.571875 0.507407408203125 0.571875 0.47407407421875 0.5703125 0.467592591796875 0.56875 0.4305555546875 0.565625 0.413888888671875 0.563020833984375 0.409259259765625 0.559895833984375 0.388888888671875 0.55625 0.382407408203125 0.538541666015625 0.3694444453125 0.511979166015625 0.368518517578125 0.503645833984375 0.35277777734375 0.488020833984375 0.35092592578125 0.480729166015625 0.32407407421875 0.476041666015625 0.3194444453125 0.474479166015625 0.310185185546875 0.471354166015625 0.3055555546875 0.455729166015625 0.3055555546875 0.449479166015625 0.30092592578125 0.441145833984375 0.30092592578125 0.435416666015625 0.291666666015625 0.4265625 0.287037037109375 0.426041666015625 0.2805555546875 0.43125 0.27777777734375 0.4328125 0.271296296875 0.429166666015625 0.262037037109375 0.411979166015625 0.262037037109375 0.409895833984375 0.264814814453125 0.4109375 0.27592592578125 0.420833333984375 0.282407408203125 0.420833333984375 0.285185185546875 0.4171875 0.287037037109375 0.404166666015625 0.309259259765625 0.392708333984375 0.313888888671875 0.3765625 0.312037037109375 0.3765625 0.314814814453125 0.3734375 0.313888888671875 0.372916666015625 0.32037037109375 0.369791666015625 0.32407407421875 0.363020833984375 0.321296296875 0.361458333984375 0.316666666015625 0.359375 0.321296296875 0.356770833984375 0.321296296875 0.346354166015625 0.331481482421875 0.34375 0.3444444453125 0.344270833984375 0.35092592578125 0.3375 0.362037037109375 0.338541666015625 0.37222222265625 0.335416666015625 0.37777777734375 0.318229166015625 0.3731481484375 0.301041666015625 0.3731481484375 0.288541666015625 0.37592592578125 0.283854166015625 0.3805555546875 0.28125 0.387962962890625 0.279166666015625 0.42777777734375 0.279166666015625 0.510185185546875 0.28125 0.5231481484375 0.286458333984375 0.534259259765625 0.297395833984375 0.546296296875
0 0.1625 0.191666666015625 0.165104166015625 0.188888888671875 0.158854166015625 0.187037037109375 0.155729166015625 0.188888888671875 0.156770833984375 0.1981481484375 0.161979166015625 0.196296296875 0.1625 0.191666666015625
0 0.1390625 0.243518517578125 0.135416666015625 0.257407408203125 0.128645833984375 0.262037037109375 0.125 0.275 0.125 0.283333333984375 0.127083333984375 0.288888888671875 0.142708333984375 0.285185185546875 0.159895833984375 0.287037037109375 0.168229166015625 0.284259259765625 0.173958333984375 0.287037037109375 0.180729166015625 0.2981481484375 0.198958333984375 0.2981481484375 0.213541666015625 0.2944444453125 0.236979166015625 0.2981481484375 0.24375 0.293518517578125 0.244270833984375 0.246296296875 0.24375 0.235185185546875 0.241145833984375 0.22592592578125 0.232291666015625 0.221296296875 0.219270833984375 0.2231481484375 0.213020833984375 0.210185185546875 0.207291666015625 0.210185185546875 0.202604166015625 0.216666666015625 0.199479166015625 0.214814814453125 0.198958333984375 0.185185185546875 0.179166666015625 0.185185185546875 0.175 0.187962962890625 0.175 0.196296296875 0.171875 0.2 0.15625 0.2 0.1546875 0.20277777734375 0.152083333984375 0.20277777734375 0.148958333984375 0.19537037109375 0.153125 0.188888888671875 0.1390625 0.188888888671875 0.1328125 0.196296296875 0.13125 0.211111111328125 0.130729166015625 0.2231481484375 0.132291666015625 0.22777777734375 0.1359375 0.2305555546875 0.1390625 0.243518517578125
0 0.343229166015625 0.335185185546875 0.344791666015625 0.3305555546875 0.35625 0.32777777734375 0.359375 0.321296296875 0.391145833984375 0.321296296875 0.394270833984375 0.316666666015625 0.397916666015625 0.316666666015625 0.405208333984375 0.309259259765625 0.409895833984375 0.293518517578125 0.410416666015625 0.2805555546875 0.4078125 0.267592591796875 0.413541666015625 0.260185185546875 0.43125 0.262037037109375 0.433333333984375 0.268518517578125 0.430729166015625 0.285185185546875 0.4421875 0.30277777734375 0.442708333984375 0.307407408203125 0.4703125 0.307407408203125 0.475 0.313888888671875 0.476041666015625 0.321296296875 0.484375 0.321296296875 0.481770833984375 0.3055555546875 0.4765625 0.296296296875 0.4734375 0.25092592578125 0.46875 0.238888888671875 0.466145833984375 0.235185185546875 0.445833333984375 0.232407408203125 0.4390625 0.221296296875 0.435416666015625 0.2055555546875 0.405208333984375 0.20277777734375 0.397395833984375 0.189814814453125 0.392708333984375 0.2 0.3875 0.20277777734375 0.35625 0.20277777734375 0.3546875 0.2231481484375 0.353125 0.2268518515625 0.343229166015625 0.237037037109375 0.335416666015625 0.237037037109375 0.325 0.241666666015625 0.3203125 0.25 0.31875 0.261111111328125 0.318229166015625 0.328703703125 0.3203125 0.334259259765625 0.338541666015625 0.337037037109375 0.343229166015625 0.335185185546875
0 0.6234375 0.32407407421875 0.626041666015625 0.32777777734375 0.6296875 0.32777777734375 0.635416666015625 0.3231481484375 0.640625 0.3231481484375 0.642708333984375 0.32592592578125 0.6890625 0.32592592578125 0.6921875 0.3231481484375 0.75625 0.32592592578125 0.760416666015625 0.313888888671875 0.760416666015625 0.27592592578125 0.755208333984375 0.239814814453125 0.745833333984375 0.235185185546875 0.731770833984375 0.235185185546875 0.725 0.232407408203125 0.719791666015625 0.2231481484375 0.711979166015625 0.2231481484375 0.705208333984375 0.2305555546875 0.702604166015625 0.22407407421875 0.703645833984375 0.20092592578125 0.699479166015625 0.191666666015625 0.679166666015625 0.193518517578125 0.668229166015625 0.182407408203125 0.666666666015625 0.187037037109375 0.659375 0.1944444453125 0.626041666015625 0.1944444453125 0.6203125 0.1981481484375 0.619270833984375 0.2018518515625 0.619270833984375 0.22962962890625 0.6171875 0.235185185546875 0.588020833984375 0.237037037109375 0.5828125 0.25277777734375 0.583854166015625 0.312037037109375 0.5875 0.32407407421875 0.592708333984375 0.32592592578125 0.6234375 0.32407407421875