0 0.825 0.262037037109375 0.824479166015625 0.271296296875 0.8265625 0.275 0.8359375 0.2805555546875 0.844270833984375 0.2805555546875 0.848958333984375 0.27777777734375 0.85 0.27222222265625 0.855208333984375 0.264814814453125 0.861458333984375 0.262037037109375 0.8640625 0.25092592578125 0.856770833984375 0.243518517578125 0.841666666015625 0.238888888671875 0.832291666015625 0.2555555546875 0.827083333984375 0.257407408203125 0.825 0.262037037109375
0 0.351041666015625 0.7444444453125 0.359375 0.7444444453125 0.3625 0.7481481484375 0.377083333984375 0.7481481484375 0.384375 0.743518517578125 0.385416666015625 0.737037037109375 0.384375 0.718518517578125 0.380729166015625 0.70462962890625 0.376041666015625 0.696296296875 0.363541666015625 0.6981481484375 0.358333333984375 0.6944444453125 0.3546875 0.6981481484375 0.3515625 0.710185185546875 0.344270833984375 0.707407408203125 0.3375 0.70092592578125 0.300520833984375 0.721296296875 0.297395833984375 0.721296296875 0.293229166015625 0.713888888671875 0.285416666015625 0.713888888671875 0.276041666015625 0.7194444453125 0.278645833984375 0.7268518515625 0.278645833984375 0.732407408203125 0.275520833984375 0.743518517578125 0.283854166015625 0.75462962890625 0.283854166015625 0.759259259765625 0.288541666015625 0.768518517578125 0.2953125 0.768518517578125 0.301041666015625 0.760185185546875 0.3078125 0.757407408203125 0.315104166015625 0.757407408203125 0.322916666015625 0.75277777734375 0.333333333984375 0.75277777734375 0.3484375 0.7481481484375 0.351041666015625 0.7444444453125
0 0 0.612037037109375 0.003645833984375 0.613888888671875 0.011979166015625 0.610185185546875 0.031770833984375 0.621296296875 0.044791666015625 0.621296296875 0.05 0.62777777734375 0.0640625 0.632407408203125 0.073958333984375 0.621296296875 0.081770833984375 0.60462962890625 0.080208333984375 0.5944444453125 0.073958333984375 0.591666666015625 0.068229166015625 0.582407408203125 0.063541666015625 0.5805555546875 0.0578125 0.588888888671875 0.0546875 0.588888888671875 0.043229166015625 0.57777777734375 0.027083333984375 0.57777777734375 0.019791666015625 0.568518517578125 0.011979166015625 0.568518517578125 0.0078125 0.563888888671875 0.003125 0.566666666015625 0 0.5731481484375 0 0.612037037109375
0 0.6484375 0.521296296875 0.643229166015625 0.518518517578125 0.636979166015625 0.510185185546875 0.625 0.512037037109375 0.6171875 0.5231481484375 0.6125 0.52407407421875 0.608854166015625 0.528703703125 0.594791666015625 0.55092592578125 0.589583333984375 0.55 0.585416666015625 0.5444444453125 0.58125 0.5444444453125 0.577083333984375 0.54907407421875 0.576041666015625 0.553703703125 0.577604166015625 0.562037037109375 0.58125 0.568518517578125 0.594270833984375 0.585185185546875 0.600520833984375 0.585185185546875 0.60625 0.57592592578125 0.6234375 0.560185185546875 0.630208333984375 0.559259259765625 0.636979166015625 0.55092592578125 0.643229166015625 0.5481481484375 0.65625 0.546296296875 0.6578125 0.543518517578125 0.6578125 0.535185185546875 0.6484375 0.521296296875
0 0.002083333984375 0.716666666015625 0.016666666015625 0.718518517578125 0.025 0.709259259765625 0.0375 0.688888888671875 0.0375 0.67777777734375 0.031770833984375 0.675 0.022916666015625 0.660185185546875 0.0203125 0.660185185546875 0.015104166015625 0.666666666015625 0.008854166015625 0.666666666015625 0.001041666015625 0.657407408203125 0 0.714814814453125 0.002083333984375 0.716666666015625
0 0.534895833984375 0.62962962890625 0.531770833984375 0.616666666015625 0.518229166015625 0.596296296875 0.511979166015625 0.60092592578125 0.502083333984375 0.5981481484375 0.497916666015625 0.610185185546875 0.482291666015625 0.609259259765625 0.460416666015625 0.62962962890625 0.443229166015625 0.632407408203125 0.4421875 0.637037037109375 0.444791666015625 0.6555555546875 0.454166666015625 0.663888888671875 0.454166666015625 0.67222222265625 0.45625 0.67777777734375 0.463020833984375 0.67777777734375 0.466145833984375 0.6731481484375 0.46875 0.660185185546875 0.479166666015625 0.660185185546875 0.5 0.6481481484375 0.5078125 0.639814814453125 0.522395833984375 0.6444444453125 0.534375 0.637037037109375 0.534895833984375 0.62962962890625
0 0.2 0.796296296875 0.205208333984375 0.784259259765625 0.209895833984375 0.763888888671875 0.209895833984375 0.75277777734375 0.206770833984375 0.746296296875 0.199479166015625 0.746296296875 0.1953125 0.743518517578125 0.192708333984375 0.737037037109375 0.1859375 0.737037037109375 0.18125 0.75 0.178645833984375 0.7518518515625 0.170833333984375 0.7481481484375 0.165104166015625 0.738888888671875 0.132291666015625 0.741666666015625 0.127083333984375 0.732407408203125 0.1234375 0.7305555546875 0.11875 0.734259259765625 0.1125 0.72962962890625 0.10625 0.732407408203125 0.1046875 0.746296296875 0.098958333984375 0.75277777734375 0.097916666015625 0.757407408203125 0.1 0.762037037109375 0.103125 0.762037037109375 0.10625 0.766666666015625 0.105208333984375 0.7805555546875 0.1078125 0.788888888671875 0.1140625 0.789814814453125 0.120833333984375 0.784259259765625 0.161458333984375 0.787037037109375 0.169270833984375 0.782407408203125 0.177083333984375 0.793518517578125 0.2 0.796296296875
0 0.279166666015625 0.70462962890625 0.289583333984375 0.70462962890625 0.296875 0.70277777734375 0.3 0.689814814453125 0.298958333984375 0.660185185546875 0.29375 0.6555555546875 0.286458333984375 0.6555555546875 0.2828125 0.65092592578125 0.275520833984375 0.65092592578125 0.269270833984375 0.662037037109375 0.263020833984375 0.662037037109375 0.257291666015625 0.6555555546875 0.221875 0.664814814453125 0.219270833984375 0.664814814453125 0.2125 0.657407408203125 0.2015625 0.657407408203125 0.197916666015625 0.662037037109375 0.1984375 0.675 0.194791666015625 0.6805555546875 0.194791666015625 0.686111111328125 0.2015625 0.690740740234375 0.202604166015625 0.7055555546875 0.205729166015625 0.712037037109375 0.213020833984375 0.712037037109375 0.219270833984375 0.70462962890625 0.223958333984375 0.70277777734375 0.247395833984375 0.70277777734375 0.25625 0.70092592578125 0.261979166015625 0.696296296875 0.269270833984375 0.696296296875 0.279166666015625 0.70462962890625
0 0.759375 0.371296296875 0.777604166015625 0.375 0.786979166015625 0.366666666015625 0.7953125 0.35092592578125 0.803645833984375 0.3481481484375 0.803645833984375 0.341666666015625 0.797395833984375 0.332407408203125 0.779166666015625 0.3231481484375 0.772916666015625 0.331481482421875 0.767708333984375 0.34722222265625 0.755729166015625 0.353703703125 0.7546875 0.362962962890625 0.759375 0.371296296875
0 0.185416666015625 0.637037037109375 0.185416666015625 0.62777777734375 0.175 0.625 0.1703125 0.613888888671875 0.163541666015625 0.613888888671875 0.160416666015625 0.62222222265625 0.156770833984375 0.62592592578125 0.1515625 0.6231481484375 0.147395833984375 0.614814814453125 0.144791666015625 0.613888888671875 0.136979166015625 0.616666666015625 0.11875 0.614814814453125 0.113541666015625 0.607407408203125 0.094791666015625 0.607407408203125 0.093229166015625 0.615740740234375 0.088020833984375 0.62592592578125 0.088020833984375 0.6305555546875 0.094270833984375 0.636111111328125 0.092708333984375 0.642592591796875 0.09375 0.65277777734375 0.098958333984375 0.659259259765625 0.109375 0.65462962890625 0.1296875 0.657407408203125 0.150520833984375 0.6555555546875 0.157291666015625 0.663888888671875 0.174479166015625 0.663888888671875 0.18125 0.65277777734375 0.185416666015625 0.637037037109375
0 0.45625 0.5981481484375 0.447395833984375 0.585185185546875 0.43125 0.587037037109375 0.4265625 0.5981481484375 0.407291666015625 0.596296296875 0.399479166015625 0.6055555546875 0.388020833984375 0.610185185546875 0.3828125 0.616666666015625 0.375 0.612037037109375 0.365104166015625 0.612037037109375 0.363020833984375 0.614814814453125 0.3625 0.621296296875 0.366145833984375 0.62592592578125 0.367708333984375 0.638888888671875 0.376041666015625 0.65277777734375 0.380208333984375 0.6555555546875 0.408854166015625 0.639814814453125 0.422916666015625 0.638888888671875 0.430729166015625 0.62777777734375 0.438020833984375 0.62777777734375 0.44375 0.6231481484375 0.457291666015625 0.6231481484375 0.460416666015625 0.6194444453125 0.460416666015625 0.610185185546875 0.45625 0.5981481484375
0 0.543229166015625 0.485185185546875 0.5359375 0.496296296875 0.525520833984375 0.496296296875 0.505208333984375 0.518518517578125 0.501041666015625 0.518518517578125 0.497916666015625 0.512037037109375 0.490104166015625 0.514814814453125 0.490104166015625 0.52592592578125 0.5015625 0.55 0.511979166015625 0.55092592578125 0.522395833984375 0.539814814453125 0.536458333984375 0.534259259765625 0.551041666015625 0.521296296875 0.563541666015625 0.521296296875 0.569270833984375 0.518518517578125 0.572916666015625 0.514814814453125 0.573958333984375 0.510185185546875 0.571875 0.503703703125 0.560416666015625 0.489814814453125 0.5546875 0.485185185546875 0.543229166015625 0.485185185546875
0 0.694791666015625 0.443518517578125 0.686458333984375 0.432407408203125 0.6828125 0.432407408203125 0.677604166015625 0.435185185546875 0.672395833984375 0.446296296875 0.664583333984375 0.4481481484375 0.661979166015625 0.457407408203125 0.650520833984375 0.468518517578125 0.64375 0.462037037109375 0.638020833984375 0.468518517578125 0.638020833984375 0.47962962890625 0.645833333984375 0.491666666015625 0.6578125 0.50092592578125 0.663541666015625 0.50092592578125 0.669270833984375 0.488888888671875 0.677604166015625 0.484259259765625 0.681770833984375 0.47777777734375 0.6859375 0.47777777734375 0.6890625 0.4731481484375 0.703645833984375 0.465740740234375 0.707291666015625 0.460185185546875 0.707291666015625 0.4555555546875 0.703645833984375 0.4481481484375 0.694791666015625 0.443518517578125
0 0.308333333984375 0.596296296875 0.296875 0.593518517578125 0.293229166015625 0.587037037109375 0.286979166015625 0.587037037109375 0.282291666015625 0.5981481484375 0.276041666015625 0.596296296875 0.2703125 0.588888888671875 0.25 0.593518517578125 0.224479166015625 0.591666666015625 0.216666666015625 0.59722222265625 0.216145833984375 0.6055555546875 0.211979166015625 0.614814814453125 0.21875 0.6231481484375 0.21875 0.637037037109375 0.221354166015625 0.641666666015625 0.2296875 0.641666666015625 0.236458333984375 0.632407408203125 0.259895833984375 0.635185185546875 0.2796875 0.62962962890625 0.288020833984375 0.637037037109375 0.3046875 0.634259259765625 0.309895833984375 0.625 0.311458333984375 0.612037037109375 0.308333333984375 0.596296296875