0 0.936458333984375 0.939814814453125 0.929166666015625 0.932407408203125 0.913020833984375 0.934259259765625 0.9078125 0.92592592578125 0.895833333984375 0.92592592578125 0.8921875 0.907407408203125 0.89375 0.90092592578125 0.891666666015625 0.87962962890625 0.857291666015625 0.87777777734375 0.85625 0.87222222265625 0.859895833984375 0.864814814453125 0.855729166015625 0.862037037109375 0.840104166015625 0.863888888671875 0.839583333984375 0.867592591796875 0.8421875 0.8731481484375 0.8375 0.87962962890625 0.8 0.87777777734375 0.8 0.912962962890625 0.798958333984375 0.92037037109375 0.795833333984375 0.9231481484375 0.793229166015625 0.932407408203125 0.761979166015625 0.934259259765625 0.7578125 0.938888888671875 0.75625 0.9481481484375 0.75625 0.9981481484375 0.945833333984375 0.996296296875 0.94375 0.957407408203125 0.936458333984375 0.939814814453125
0 0.15 0.64722222265625 0.15 0.65462962890625 0.15625 0.65462962890625 0.161458333984375 0.65092592578125 0.15 0.64722222265625
0 0.159895833984375 0.632407408203125 0.1625 0.62777777734375 0.172395833984375 0.62777777734375 0.174479166015625 0.632407408203125 0.172916666015625 0.638888888671875 0.1765625 0.65092592578125 0.177083333984375 0.666666666015625 0.18125 0.6731481484375 0.229166666015625 0.671296296875 0.234375 0.67592592578125 0.25 0.67592592578125 0.2546875 0.666666666015625 0.2546875 0.618518517578125 0.247395833984375 0.612037037109375 0.235416666015625 0.610185185546875 0.230729166015625 0.6018518515625 0.230729166015625 0.585185185546875 0.228645833984375 0.582407408203125 0.2078125 0.582407408203125 0.2046875 0.57777777734375 0.205208333984375 0.5731481484375 0.198958333984375 0.571296296875 0.198958333984375 0.57962962890625 0.196354166015625 0.582407408203125 0.18125 0.582407408203125 0.179166666015625 0.585185185546875 0.178645833984375 0.5981481484375 0.180208333984375 0.6055555546875 0.178125 0.607407408203125 0.177604166015625 0.612962962890625 0.173958333984375 0.616666666015625 0.153645833984375 0.618518517578125 0.150520833984375 0.621296296875 0.150520833984375 0.641666666015625 0.153645833984375 0.641666666015625 0.157291666015625 0.632407408203125 0.159895833984375 0.632407408203125
0 0.304166666015625 0.385185185546875 0.3046875 0.382407408203125 0.303645833984375 0.357407408203125 0.2953125 0.35462962890625 0.293229166015625 0.34907407421875 0.286979166015625 0.343518517578125 0.26875 0.346296296875 0.255729166015625 0.3555555546875 0.253645833984375 0.361111111328125 0.252604166015625 0.37962962890625 0.256770833984375 0.387037037109375 0.300520833984375 0.387037037109375 0.304166666015625 0.385185185546875
0 0.174479166015625 0.521296296875 0.18125 0.5305555546875 0.188020833984375 0.5305555546875 0.1953125 0.535185185546875 0.209375 0.533333333984375 0.211458333984375 0.5194444453125 0.2171875 0.510185185546875 0.215625 0.47777777734375 0.2125 0.471296296875 0.209375 0.471296296875 0.202083333984375 0.463888888671875 0.1984375 0.45277777734375 0.184375 0.45092592578125 0.1828125 0.4481481484375 0.179166666015625 0.4518518515625 0.178645833984375 0.5 0.1765625 0.50462962890625 0.177083333984375 0.509259259765625 0.174479166015625 0.521296296875
0 0.334895833984375 0.788888888671875 0.369270833984375 0.787962962890625 0.421875 0.788888888671875 0.425 0.793518517578125 0.440104166015625 0.793518517578125 0.446875 0.7805555546875 0.447395833984375 0.72592592578125 0.444270833984375 0.712037037109375 0.422395833984375 0.710185185546875 0.418229166015625 0.70277777734375 0.409895833984375 0.70462962890625 0.408333333984375 0.69722222265625 0.415625 0.696296296875 0.416145833984375 0.693518517578125 0.414583333984375 0.67777777734375 0.3828125 0.67592592578125 0.381770833984375 0.6694444453125 0.386458333984375 0.666666666015625 0.386979166015625 0.662037037109375 0.373958333984375 0.662037037109375 0.372916666015625 0.665740740234375 0.3765625 0.67037037109375 0.375 0.67592592578125 0.348958333984375 0.67592592578125 0.347395833984375 0.678703703125 0.3484375 0.696296296875 0.346875 0.70462962890625 0.340625 0.70462962890625 0.3359375 0.710185185546875 0.31875 0.712037037109375 0.3125 0.72777777734375 0.3109375 0.784259259765625 0.313541666015625 0.793518517578125 0.33125 0.791666666015625 0.334895833984375 0.788888888671875
0 0.260416666015625 0.4444444453125 0.263541666015625 0.441666666015625 0.263020833984375 0.413888888671875 0.259895833984375 0.410185185546875 0.25625 0.410185185546875 0.246875 0.3944444453125 0.228645833984375 0.391666666015625 0.220833333984375 0.396296296875 0.216666666015625 0.4055555546875 0.2125 0.410185185546875 0.205729166015625 0.412037037109375 0.203645833984375 0.416666666015625 0.202604166015625 0.443518517578125 0.204166666015625 0.446296296875 0.2453125 0.446296296875 0.260416666015625 0.4444444453125
0 0.333984375 0.302734375 0.0341796875 0.03515625
0 0.283203125 0.296875 0.0322265625 0.0302734375
0 0.2529296875 0.3076171875 0.0390625 0.0361328125
0 0.2587890625 0.333984375 0.0400390625 0.033203125