0 0.903703703125 0.683854166015625 0.8981481484375 0.677604166015625 0.893518517578125 0.676041666015625 0.887037037109375 0.675520833984375 0.881481482421875 0.677604166015625 0.881481482421875 0.695833333984375 0.892592591796875 0.695833333984375 0.9018518515625 0.690625 0.903703703125 0.683854166015625
0 0.896296296875 0.657291666015625 0.889814814453125 0.654166666015625 0.8768518515625 0.654166666015625 0.8768518515625 0.672916666015625 0.886111111328125 0.6734375 0.892592591796875 0.669791666015625 0.89722222265625 0.664583333984375 0.896296296875 0.657291666015625
0 0.82962962890625 0.607291666015625 0.811111111328125 0.607291666015625 0.811111111328125 0.63125 0.8268518515625 0.63125 0.833333333984375 0.628645833984375 0.837962962890625 0.623958333984375 0.837962962890625 0.614583333984375 0.82962962890625 0.607291666015625
0 0.933333333984375 0.670833333984375 0.9268518515625 0.666666666015625 0.917592591796875 0.669270833984375 0.9194444453125 0.683854166015625 0.9268518515625 0.683854166015625 0.9305555546875 0.68125 0.935185185546875 0.675 0.933333333984375 0.670833333984375
0 0.589814814453125 0.580729166015625 0.5768518515625 0.5765625 0.558333333984375 0.577083333984375 0.558333333984375 0.5828125 0.561111111328125 0.585416666015625 0.561111111328125 0.603645833984375 0.558333333984375 0.605729166015625 0.558333333984375 0.6125 0.564814814453125 0.616666666015625 0.586111111328125 0.617708333984375 0.589814814453125 0.615625 0.590740740234375 0.6109375 0.6 0.605729166015625 0.6 0.590104166015625 0.592592591796875 0.586458333984375 0.589814814453125 0.580729166015625
0 0.82962962890625 0.580208333984375 0.82037037109375 0.580729166015625 0.8194444453125 0.600520833984375 0.82407407421875 0.6046875 0.831481482421875 0.6046875 0.8444444453125 0.598958333984375 0.8444444453125 0.5875 0.82962962890625 0.580208333984375
0 0.7305555546875 0.630729166015625 0.731481482421875 0.61875 0.711111111328125 0.6078125 0.69722222265625 0.6078125 0.69537037109375 0.6328125 0.69722222265625 0.636979166015625 0.7018518515625 0.638541666015625 0.717592591796875 0.636979166015625 0.7305555546875 0.630729166015625
0 0.511111111328125 0.5671875 0.4944444453125 0.566666666015625 0.490740740234375 0.569270833984375 0.490740740234375 0.60625 0.49537037109375 0.609895833984375 0.52222222265625 0.611458333984375 0.528703703125 0.610416666015625 0.532407408203125 0.603645833984375 0.537962962890625 0.603125 0.539814814453125 0.601041666015625 0.539814814453125 0.58125 0.531481482421875 0.577604166015625 0.531481482421875 0.574479166015625 0.52592592578125 0.569791666015625 0.511111111328125 0.5671875
0 0.914814814453125 0.657291666015625 0.917592591796875 0.658333333984375 0.931481482421875 0.656770833984375 0.933333333984375 0.643229166015625 0.9268518515625 0.640104166015625 0.914814814453125 0.640104166015625 0.914814814453125 0.657291666015625
0 0.831481482421875 0.646354166015625 0.817592591796875 0.646354166015625 0.817592591796875 0.66875 0.828703703125 0.668229166015625 0.837962962890625 0.663020833984375 0.842592591796875 0.6625 0.842592591796875 0.651041666015625 0.831481482421875 0.646354166015625
0 0.933333333984375 0.643229166015625 0.933333333984375 0.659895833984375 0.9444444453125 0.660416666015625 0.94722222265625 0.6578125 0.94722222265625 0.64375 0.9444444453125 0.6421875 0.933333333984375 0.643229166015625