0 0.4484375 0.341666666015625 0.4453125 0.332407408203125 0.438020833984375 0.332407408203125 0.434895833984375 0.337037037109375 0.434375 0.343518517578125 0.4359375 0.3481481484375 0.445833333984375 0.3481481484375 0.4484375 0.341666666015625
0 0.3 0.532407408203125 0.306770833984375 0.52407407421875 0.305208333984375 0.513888888671875 0.296875 0.4981481484375 0.289583333984375 0.50092592578125 0.281770833984375 0.510185185546875 0.275520833984375 0.512037037109375 0.272916666015625 0.516666666015625 0.271354166015625 0.521296296875 0.272395833984375 0.528703703125 0.2765625 0.532407408203125 0.3 0.532407408203125
0 0.434895833984375 0.362037037109375 0.4359375 0.35092592578125 0.43125 0.341666666015625 0.421875 0.3481481484375 0.418229166015625 0.3555555546875 0.417708333984375 0.362037037109375 0.419270833984375 0.363888888671875 0.432291666015625 0.363888888671875 0.434895833984375 0.362037037109375
0 0.464583333984375 0.316666666015625 0.459895833984375 0.314814814453125 0.4484375 0.318518517578125 0.4484375 0.32777777734375 0.4640625 0.32777777734375 0.465625 0.32407407421875 0.464583333984375 0.316666666015625
0 0.495833333984375 0.27777777734375 0.4890625 0.27777777734375 0.485416666015625 0.285185185546875 0.4859375 0.291666666015625 0.495833333984375 0.291666666015625 0.498958333984375 0.287037037109375 0.495833333984375 0.27777777734375
0 0.429166666015625 0.4055555546875 0.422395833984375 0.3981481484375 0.416666666015625 0.3981481484375 0.406770833984375 0.407407408203125 0.407291666015625 0.416666666015625 0.425 0.418518517578125 0.4296875 0.413888888671875 0.429166666015625 0.4055555546875
0 0.352083333984375 0.4981481484375 0.351041666015625 0.482407408203125 0.344791666015625 0.4731481484375 0.333333333984375 0.4731481484375 0.320833333984375 0.493518517578125 0.3203125 0.49907407421875 0.3234375 0.50277777734375 0.346354166015625 0.50277777734375 0.352083333984375 0.4981481484375
0 0.358333333984375 0.44907407421875 0.356770833984375 0.438888888671875 0.352083333984375 0.432407408203125 0.334895833984375 0.434259259765625 0.33125 0.441666666015625 0.33125 0.4555555546875 0.333854166015625 0.459259259765625 0.355208333984375 0.459259259765625 0.358333333984375 0.44907407421875
0 0.40625 0.3981481484375 0.404166666015625 0.391666666015625 0.397395833984375 0.385185185546875 0.391666666015625 0.385185185546875 0.38125 0.39537037109375 0.38125 0.407407408203125 0.401041666015625 0.407407408203125 0.404166666015625 0.4055555546875 0.40625 0.3981481484375
0 0.475520833984375 0.282407408203125 0.475 0.27777777734375 0.470833333984375 0.2731481484375 0.466145833984375 0.2731481484375 0.459895833984375 0.2805555546875 0.458854166015625 0.284259259765625 0.4625 0.287037037109375 0.4703125 0.287037037109375 0.475520833984375 0.282407408203125
0 0.309375 0.585185185546875 0.3046875 0.57777777734375 0.300520833984375 0.57592592578125 0.295833333984375 0.563888888671875 0.286458333984375 0.562037037109375 0.282291666015625 0.563888888671875 0.279166666015625 0.571296296875 0.272395833984375 0.57407407421875 0.271354166015625 0.5981481484375 0.275 0.6055555546875 0.3109375 0.6055555546875 0.309375 0.585185185546875
0 0.334895833984375 0.5555555546875 0.333333333984375 0.546296296875 0.321875 0.52777777734375 0.3125 0.52777777734375 0.3109375 0.535185185546875 0.30625 0.538888888671875 0.302604166015625 0.5481481484375 0.302083333984375 0.563888888671875 0.310416666015625 0.566666666015625 0.331770833984375 0.566666666015625 0.334895833984375 0.5555555546875
0 0.484895833984375 0.310185185546875 0.484375 0.30277777734375 0.481770833984375 0.30092592578125 0.471354166015625 0.30277777734375 0.469270833984375 0.3055555546875 0.470833333984375 0.313888888671875 0.483333333984375 0.313888888671875 0.484895833984375 0.310185185546875
0 0.474479166015625 0.760185185546875 0.51875 0.7805555546875 0.546875 0.77962962890625 0.555729166015625 0.77592592578125 0.555729166015625 0.7694444453125 0.541666666015625 0.75092592578125 0.528645833984375 0.746296296875 0.509375 0.72777777734375 0.5015625 0.725 0.498958333984375 0.721296296875 0.486458333984375 0.718518517578125 0.475 0.710185185546875 0.4625 0.710185185546875 0.45625 0.712037037109375 0.452083333984375 0.72222222265625 0.450520833984375 0.74537037109375 0.452083333984375 0.75277777734375 0.455729166015625 0.757407408203125 0.474479166015625 0.760185185546875
0 0.420833333984375 0.463888888671875 0.421875 0.4481481484375 0.4171875 0.439814814453125 0.409895833984375 0.438888888671875 0.4 0.4444444453125 0.396354166015625 0.4555555546875 0.395833333984375 0.463888888671875 0.397395833984375 0.466666666015625 0.419270833984375 0.466666666015625 0.420833333984375 0.463888888671875
0 0.313020833984375 0.70092592578125 0.315104166015625 0.6981481484375 0.314583333984375 0.688888888671875 0.3109375 0.675 0.301041666015625 0.6731481484375 0.2921875 0.662037037109375 0.286458333984375 0.659259259765625 0.283854166015625 0.6555555546875 0.2828125 0.64907407421875 0.275520833984375 0.639814814453125 0.259375 0.639814814453125 0.255729166015625 0.65092592578125 0.250520833984375 0.657407408203125 0.250520833984375 0.67962962890625 0.26875 0.696296296875 0.28125 0.70092592578125 0.313020833984375 0.70092592578125
0 0.4130859375 0.3720703125 0.01953125 0.0283203125