0 0.488541666015625 0.456481482421875 0.491145833984375 0.45277777734375 0.5140625 0.45462962890625 0.520833333984375 0.439814814453125 0.525520833984375 0.438888888671875 0.528645833984375 0.432407408203125 0.532291666015625 0.432407408203125 0.5328125 0.438888888671875 0.55 0.45462962890625 0.554166666015625 0.45462962890625 0.5578125 0.44907407421875 0.555729166015625 0.4231481484375 0.552083333984375 0.421296296875 0.55 0.416666666015625 0.5359375 0.413888888671875 0.530208333984375 0.40092592578125 0.521354166015625 0.396296296875 0.506770833984375 0.396296296875 0.505208333984375 0.40092592578125 0.502083333984375 0.396296296875 0.498958333984375 0.39907407421875 0.497916666015625 0.396296296875 0.4921875 0.413888888671875 0.480208333984375 0.414814814453125 0.475 0.421296296875 0.475 0.4555555546875 0.482291666015625 0.466666666015625 0.486458333984375 0.466666666015625 0.488541666015625 0.456481482421875
0 0.426041666015625 0.393518517578125 0.443229166015625 0.3981481484375 0.461458333984375 0.3981481484375 0.461979166015625 0.382407408203125 0.469791666015625 0.3731481484375 0.473958333984375 0.3731481484375 0.476041666015625 0.366666666015625 0.475520833984375 0.35277777734375 0.471354166015625 0.3444444453125 0.467708333984375 0.341666666015625 0.458333333984375 0.343518517578125 0.452604166015625 0.339814814453125 0.442708333984375 0.346296296875 0.43125 0.343518517578125 0.417708333984375 0.362037037109375 0.416666666015625 0.371296296875 0.4203125 0.3805555546875 0.424479166015625 0.383333333984375 0.426041666015625 0.393518517578125
0 0.6875 0.57962962890625 0.758854166015625 0.57777777734375 0.763020833984375 0.5805555546875 0.775520833984375 0.5805555546875 0.778645833984375 0.571296296875 0.775 0.521296296875 0.772916666015625 0.518518517578125 0.761458333984375 0.518518517578125 0.752604166015625 0.511111111328125 0.751041666015625 0.491666666015625 0.732291666015625 0.488888888671875 0.730208333984375 0.4805555546875 0.7234375 0.4805555546875 0.721875 0.484259259765625 0.722916666015625 0.487037037109375 0.7203125 0.489814814453125 0.701041666015625 0.491666666015625 0.699479166015625 0.496296296875 0.699479166015625 0.513888888671875 0.693229166015625 0.521296296875 0.680729166015625 0.521296296875 0.677604166015625 0.52777777734375 0.677083333984375 0.55 0.684895833984375 0.564814814453125 0.685416666015625 0.57592592578125 0.6875 0.57962962890625
0 0.265104166015625 0.6194444453125 0.261979166015625 0.621296296875 0.263541666015625 0.62592592578125 0.2671875 0.625 0.2671875 0.621296296875 0.265104166015625 0.6194444453125
0 0.3359375 0.637037037109375 0.327604166015625 0.641666666015625 0.33125 0.65277777734375 0.3515625 0.6555555546875 0.355729166015625 0.662037037109375 0.3625 0.662037037109375 0.366145833984375 0.657407408203125 0.371875 0.668518517578125 0.376041666015625 0.6694444453125 0.4046875 0.668518517578125 0.411458333984375 0.67777777734375 0.413541666015625 0.692592591796875 0.413020833984375 0.710185185546875 0.416145833984375 0.72037037109375 0.419791666015625 0.725 0.4390625 0.725 0.443229166015625 0.7231481484375 0.445833333984375 0.716666666015625 0.45 0.715740740234375 0.4515625 0.707407408203125 0.4515625 0.682407408203125 0.449479166015625 0.632407408203125 0.445833333984375 0.62777777734375 0.4390625 0.62592592578125 0.417708333984375 0.62962962890625 0.415625 0.62592592578125 0.416145833984375 0.616666666015625 0.4140625 0.612962962890625 0.411979166015625 0.5805555546875 0.372395833984375 0.5805555546875 0.36875 0.5731481484375 0.3703125 0.5694444453125 0.374479166015625 0.568518517578125 0.374479166015625 0.563888888671875 0.360416666015625 0.562037037109375 0.3578125 0.567592591796875 0.361979166015625 0.5694444453125 0.363541666015625 0.5731481484375 0.3609375 0.5805555546875 0.338020833984375 0.5805555546875 0.33125 0.582407408203125 0.329166666015625 0.586111111328125 0.330208333984375 0.612037037109375 0.348893228515625 0.612037037109375 0.348958333984375 0.638888888671875 0.3359375 0.637037037109375
0 0.594791666015625 0.289814814453125 0.603645833984375 0.287037037109375 0.611458333984375 0.2981481484375 0.619270833984375 0.296296296875 0.619270833984375 0.2731481484375 0.6125 0.25092592578125 0.599479166015625 0.246296296875 0.588020833984375 0.246296296875 0.575 0.25277777734375 0.575520833984375 0.266666666015625 0.585416666015625 0.2731481484375 0.5890625 0.287037037109375 0.594791666015625 0.289814814453125
0 0.4984375 0.662037037109375 0.551041666015625 0.663888888671875 0.571875 0.660185185546875 0.580729166015625 0.660185185546875 0.583854166015625 0.663888888671875 0.598958333984375 0.663888888671875 0.6046875 0.657407408203125 0.610416666015625 0.657407408203125 0.6125 0.65092592578125 0.6125 0.613888888671875 0.610416666015625 0.5944444453125 0.6078125 0.589814814453125 0.599479166015625 0.587037037109375 0.580208333984375 0.588888888671875 0.577083333984375 0.581481482421875 0.577083333984375 0.57407407421875 0.579166666015625 0.568518517578125 0.578645833984375 0.5555555546875 0.567708333984375 0.55277777734375 0.554166666015625 0.55462962890625 0.546875 0.5481481484375 0.5421875 0.5481481484375 0.531770833984375 0.557407408203125 0.521354166015625 0.5555555546875 0.518229166015625 0.558333333984375 0.51875 0.564814814453125 0.515625 0.5805555546875 0.5046875 0.5805555546875 0.503125 0.588888888671875 0.48125 0.5944444453125 0.476041666015625 0.607407408203125 0.475520833984375 0.660185185546875 0.479166666015625 0.666666666015625 0.494270833984375 0.666666666015625 0.4984375 0.662037037109375
0 0.267708333984375 0.614814814453125 0.2625 0.614814814453125 0.261979166015625 0.616666666015625 0.264583333984375 0.6194444453125 0.26875 0.6194444453125 0.267708333984375 0.614814814453125
0 0.201041666015625 0.80462962890625 0.211458333984375 0.793518517578125 0.28125 0.7981481484375 0.348958333984375 0.791666666015625 0.353645833984375 0.7981481484375 0.380729166015625 0.7981481484375 0.384375 0.796296296875 0.389583333984375 0.785185185546875 0.4078125 0.787037037109375 0.411458333984375 0.782407408203125 0.4125 0.77407407421875 0.411979166015625 0.6805555546875 0.409375 0.67407407421875 0.4046875 0.6694444453125 0.376041666015625 0.6694444453125 0.372395833984375 0.667592591796875 0.372916666015625 0.660185185546875 0.363541666015625 0.657407408203125 0.363020833984375 0.642592591796875 0.36875 0.6268518515625 0.370833333984375 0.62592592578125 0.36875 0.62407407421875 0.36875 0.62037037109375 0.372916666015625 0.618518517578125 0.373958333984375 0.613888888671875 0.371875 0.613888888671875 0.369791666015625 0.618518517578125 0.366145833984375 0.612037037109375 0.359895833984375 0.609259259765625 0.34375 0.610185185546875 0.341666666015625 0.607407408203125 0.341145833984375 0.612037037109375 0.336979166015625 0.613888888671875 0.318229166015625 0.614814814453125 0.3125 0.618518517578125 0.305208333984375 0.607407408203125 0.298958333984375 0.60277777734375 0.292708333984375 0.60277777734375 0.2859375 0.607407408203125 0.277083333984375 0.6194444453125 0.276041666015625 0.6231481484375 0.278125 0.62962962890625 0.275520833984375 0.632407408203125 0.26875 0.62592592578125 0.2625 0.6305555546875 0.260416666015625 0.618518517578125 0.257291666015625 0.618518517578125 0.25625 0.62962962890625 0.2578125 0.634259259765625 0.255208333984375 0.641666666015625 0.2546875 0.660185185546875 0.250520833984375 0.671296296875 0.240625 0.671296296875 0.234895833984375 0.657407408203125 0.225520833984375 0.6555555546875 0.2234375 0.657407408203125 0.2234375 0.671296296875 0.2203125 0.67592592578125 0.213541666015625 0.67592592578125 0.203645833984375 0.6805555546875 0.177083333984375 0.682407408203125 0.174479166015625 0.687037037109375 0.16875 0.7268518515625 0.167708333984375 0.786111111328125 0.1640625 0.793518517578125 0.18125 0.8055555546875 0.201041666015625 0.80462962890625
0 0.306770833984375 0.591666666015625 0.305208333984375 0.587037037109375 0.285416666015625 0.587037037109375 0.282291666015625 0.591666666015625 0.290104166015625 0.593518517578125 0.294270833984375 0.60092592578125 0.306770833984375 0.591666666015625
0 0.469270833984375 0.3731481484375 0.4625 0.378703703125 0.4625 0.407407408203125 0.4671875 0.412037037109375 0.469791666015625 0.418518517578125 0.474479166015625 0.418518517578125 0.482291666015625 0.412037037109375 0.4890625 0.412037037109375 0.491666666015625 0.409259259765625 0.493229166015625 0.39907407421875 0.497916666015625 0.3944444453125 0.525 0.3944444453125 0.5296875 0.396296296875 0.53125 0.403703703125 0.536458333984375 0.410185185546875 0.5390625 0.409259259765625 0.5390625 0.389814814453125 0.536458333984375 0.378703703125 0.528645833984375 0.3694444453125 0.517708333984375 0.368518517578125 0.515104166015625 0.362037037109375 0.515104166015625 0.35092592578125 0.513541666015625 0.34907407421875 0.506770833984375 0.3481481484375 0.504166666015625 0.343518517578125 0.496875 0.343518517578125 0.49375 0.34907407421875 0.482291666015625 0.3481481484375 0.478125 0.35092592578125 0.478125 0.363888888671875 0.476041666015625 0.37037037109375 0.4734375 0.37407407421875 0.469270833984375 0.3731481484375
0 0.383333333984375 0.363888888671875 0.391666666015625 0.363888888671875 0.402083333984375 0.3694444453125 0.410416666015625 0.368518517578125 0.418229166015625 0.3555555546875 0.425 0.35092592578125 0.425520833984375 0.346296296875 0.424479166015625 0.340740740234375 0.41875 0.333333333984375 0.421875 0.32592592578125 0.418229166015625 0.3305555546875 0.417708333984375 0.32592592578125 0.413020833984375 0.3305555546875 0.408854166015625 0.32777777734375 0.405729166015625 0.3194444453125 0.394791666015625 0.314814814453125 0.375 0.316666666015625 0.3734375 0.318518517578125 0.3734375 0.334259259765625 0.371875 0.338888888671875 0.361458333984375 0.339814814453125 0.358333333984375 0.343518517578125 0.3578125 0.3731481484375 0.361458333984375 0.37777777734375 0.369270833984375 0.37777777734375 0.383333333984375 0.363888888671875
0 0.566666666015625 0.40092592578125 0.6125 0.40092592578125 0.613020833984375 0.3981481484375 0.6125 0.366666666015625 0.605729166015625 0.357407408203125 0.592708333984375 0.35277777734375 0.590104166015625 0.346296296875 0.589583333984375 0.337037037109375 0.586979166015625 0.332407408203125 0.576041666015625 0.3305555546875 0.569270833984375 0.334259259765625 0.554166666015625 0.335185185546875 0.552083333984375 0.337037037109375 0.5515625 0.357407408203125 0.540625 0.357407408203125 0.538020833984375 0.360185185546875 0.5375 0.37962962890625 0.541145833984375 0.396296296875 0.548958333984375 0.40462962890625 0.566666666015625 0.40092592578125
0 0.378645833984375 0.4231481484375 0.384895833984375 0.418518517578125 0.4 0.418518517578125 0.403645833984375 0.413888888671875 0.403645833984375 0.410185185546875 0.399479166015625 0.410185185546875 0.396354166015625 0.4055555546875 0.398958333984375 0.3981481484375 0.423958333984375 0.393518517578125 0.425 0.388888888671875 0.419791666015625 0.37777777734375 0.411458333984375 0.368518517578125 0.4046875 0.3731481484375 0.399479166015625 0.366666666015625 0.393229166015625 0.366666666015625 0.391145833984375 0.363888888671875 0.3828125 0.363888888671875 0.380208333984375 0.368518517578125 0.375 0.3694444453125 0.372395833984375 0.375 0.368229166015625 0.37777777734375 0.354166666015625 0.37592592578125 0.349479166015625 0.381481482421875 0.349479166015625 0.413888888671875 0.355208333984375 0.418518517578125 0.358333333984375 0.425 0.378645833984375 0.4231481484375
0 0.539583333984375 0.546296296875 0.538020833984375 0.542592591796875 0.5390625 0.537037037109375 0.545833333984375 0.537962962890625 0.546875 0.543518517578125 0.5453125 0.546296296875 0.555729166015625 0.55277777734375 0.583854166015625 0.55277777734375 0.590104166015625 0.546296296875 0.597395833984375 0.543518517578125 0.6 0.537037037109375 0.601041666015625 0.52407407421875 0.610416666015625 0.521296296875 0.609895833984375 0.514814814453125 0.606770833984375 0.512037037109375 0.594791666015625 0.512037037109375 0.5921875 0.507407408203125 0.5888890625 0.507407408203125 0.589583333984375 0.491666666015625 0.5875 0.485185185546875 0.569791666015625 0.485185185546875 0.5671875 0.4805555546875 0.563020833984375 0.4805555546875 0.561458333984375 0.47777777734375 0.557291666015625 0.485185185546875 0.543229166015625 0.487037037109375 0.539583333984375 0.496296296875 0.5390625 0.50277777734375 0.530729166015625 0.513888888671875 0.522395833984375 0.513888888671875 0.517708333984375 0.517592591796875 0.515104166015625 0.534259259765625 0.516145833984375 0.5555555546875 0.5328125 0.55462962890625 0.539583333984375 0.546296296875
0 0.5828125 0.57777777734375 0.5859375 0.585185185546875 0.609375 0.587037037109375 0.611979166015625 0.5944444453125 0.615104166015625 0.618518517578125 0.670833333984375 0.621296296875 0.6765625 0.613888888671875 0.681770833984375 0.612037037109375 0.683333333984375 0.582407408203125 0.683333333984375 0.566666666015625 0.681770833984375 0.560185185546875 0.6765625 0.55277777734375 0.658333333984375 0.55092592578125 0.65625 0.5231481484375 0.630208333984375 0.52222222265625 0.628125 0.5194444453125 0.630208333984375 0.514814814453125 0.629166666015625 0.512037037109375 0.61875 0.512037037109375 0.617708333984375 0.513888888671875 0.620833333984375 0.517592591796875 0.619270833984375 0.5231481484375 0.603645833984375 0.5231481484375 0.600520833984375 0.52592592578125 0.6 0.537037037109375 0.594270833984375 0.55 0.5828125 0.559259259765625 0.5828125 0.57777777734375
0 0.5390625 0.50092592578125 0.541145833984375 0.489814814453125 0.544270833984375 0.485185185546875 0.556770833984375 0.485185185546875 0.563020833984375 0.47592592578125 0.5703125 0.484259259765625 0.574479166015625 0.482407408203125 0.574479166015625 0.466666666015625 0.572916666015625 0.461111111328125 0.568229166015625 0.4555555546875 0.560416666015625 0.45277777734375 0.554166666015625 0.4555555546875 0.547916666015625 0.45277777734375 0.543229166015625 0.44537037109375 0.543229166015625 0.441666666015625 0.538020833984375 0.438888888671875 0.536979166015625 0.432407408203125 0.534375 0.4305555546875 0.527604166015625 0.4305555546875 0.522916666015625 0.439814814453125 0.519270833984375 0.441666666015625 0.515104166015625 0.45277777734375 0.493229166015625 0.45277777734375 0.4875 0.457407408203125 0.486979166015625 0.5 0.49375 0.509259259765625 0.535416666015625 0.5055555546875 0.5390625 0.50092592578125
0 0.55 0.32592592578125 0.549479166015625 0.2944444453125 0.546354166015625 0.286111111328125 0.5421875 0.285185185546875 0.5390625 0.293518517578125 0.531770833984375 0.293518517578125 0.524479166015625 0.27592592578125 0.517708333984375 0.275 0.515104166015625 0.271296296875 0.509895833984375 0.27592592578125 0.500520833984375 0.27592592578125 0.495833333984375 0.282407408203125 0.494270833984375 0.293518517578125 0.483333333984375 0.2981481484375 0.483333333984375 0.32592592578125 0.491145833984375 0.334259259765625 0.546875 0.332407408203125 0.55 0.32592592578125
0 0.6109375 0.313888888671875 0.610416666015625 0.296296296875 0.6078125 0.289814814453125 0.603645833984375 0.287037037109375 0.591145833984375 0.287037037109375 0.588020833984375 0.281481482421875 0.586458333984375 0.2731481484375 0.580208333984375 0.268518517578125 0.558854166015625 0.2731481484375 0.557291666015625 0.27592592578125 0.557291666015625 0.288888888671875 0.5515625 0.308333333984375 0.552083333984375 0.32407407421875 0.561458333984375 0.321296296875 0.609375 0.3231481484375 0.6109375 0.313888888671875
0 0.427604166015625 0.471296296875 0.4328125 0.468518517578125 0.456770833984375 0.471296296875 0.4609375 0.464814814453125 0.4609375 0.438888888671875 0.458333333984375 0.42777777734375 0.451041666015625 0.4194444453125 0.438020833984375 0.418518517578125 0.4359375 0.411111111328125 0.4359375 0.40277777734375 0.432291666015625 0.396296296875 0.422395833984375 0.396296296875 0.413020833984375 0.4 0.406770833984375 0.3981481484375 0.4046875 0.407407408203125 0.400520833984375 0.4055555546875 0.401041666015625 0.4 0.3984375 0.40092592578125 0.397395833984375 0.4055555546875 0.408333333984375 0.412962962890625 0.407291666015625 0.418518517578125 0.397395833984375 0.42407407421875 0.38125 0.4231481484375 0.3796875 0.42592592578125 0.3796875 0.462037037109375 0.38125 0.466666666015625 0.386458333984375 0.471296296875 0.427604166015625 0.471296296875
0 0.418229166015625 0.30092592578125 0.419791666015625 0.3 0.41875 0.2981481484375 0.418229166015625 0.30092592578125
0 0.459895833984375 0.3 0.46875 0.3055555546875 0.474479166015625 0.3055555546875 0.4765625 0.30277777734375 0.4765625 0.287037037109375 0.474479166015625 0.2805555546875 0.46875 0.271296296875 0.463020833984375 0.268518517578125 0.459895833984375 0.260185185546875 0.45 0.25462962890625 0.4453125 0.2481481484375 0.438541666015625 0.25462962890625 0.428125 0.256481482421875 0.429166666015625 0.27037037109375 0.432291666015625 0.27962962890625 0.450520833984375 0.285185185546875 0.459895833984375 0.3
0 0.4453125 0.31640625 0.0751953125 0.0615234375