0 0.511979166015625 0.618518517578125 0.513541666015625 0.6055555546875 0.5125 0.60277777734375 0.5 0.6055555546875 0.49375 0.60092592578125 0.482291666015625 0.60092592578125 0.479166666015625 0.596296296875 0.473958333984375 0.5944444453125 0.466666666015625 0.60092592578125 0.4640625 0.607407408203125 0.463541666015625 0.615740740234375 0.466145833984375 0.618518517578125 0.507291666015625 0.62592592578125 0.511979166015625 0.618518517578125
0 0.475520833984375 0.62592592578125 0.472916666015625 0.621296296875 0.453645833984375 0.618518517578125 0.450520833984375 0.621296296875 0.449479166015625 0.62592592578125 0.448958333984375 0.638888888671875 0.450520833984375 0.641666666015625 0.474479166015625 0.643518517578125 0.475520833984375 0.62592592578125
0 0.702083333984375 0.609259259765625 0.70625 0.607407408203125 0.722395833984375 0.610185185546875 0.727083333984375 0.5981481484375 0.7265625 0.587037037109375 0.708333333984375 0.588888888671875 0.699479166015625 0.585185185546875 0.6921875 0.587037037109375 0.683333333984375 0.584259259765625 0.6796875 0.585185185546875 0.6765625 0.589814814453125 0.676041666015625 0.60462962890625 0.6828125 0.609259259765625 0.694270833984375 0.6055555546875 0.702083333984375 0.609259259765625
0 0.438541666015625 0.584259259765625 0.448958333984375 0.585185185546875 0.452604166015625 0.589814814453125 0.45625 0.589814814453125 0.458854166015625 0.586111111328125 0.463020833984375 0.57407407421875 0.461979166015625 0.566666666015625 0.45 0.566666666015625 0.43125 0.557407408203125 0.422916666015625 0.557407408203125 0.4171875 0.563888888671875 0.414583333984375 0.5731481484375 0.418229166015625 0.57777777734375 0.430729166015625 0.57777777734375 0.438541666015625 0.584259259765625
0 0.7671875 0.643518517578125 0.770833333984375 0.646296296875 0.79375 0.6481481484375 0.8 0.635185185546875 0.797395833984375 0.6231481484375 0.749479166015625 0.6231481484375 0.747916666015625 0.62592592578125 0.7484375 0.641666666015625 0.7546875 0.646296296875 0.7671875 0.643518517578125
0 0.355208333984375 0.52592592578125 0.361458333984375 0.516666666015625 0.360416666015625 0.510185185546875 0.351041666015625 0.507407408203125 0.3375 0.488888888671875 0.3265625 0.487037037109375 0.31875 0.4981481484375 0.319270833984375 0.50462962890625 0.327604166015625 0.507407408203125 0.3484375 0.52777777734375 0.355208333984375 0.52592592578125
0 0.246875 0.375 0.24375 0.365740740234375 0.240625 0.343518517578125 0.236979166015625 0.338888888671875 0.224479166015625 0.341666666015625 0.224479166015625 0.353703703125 0.230208333984375 0.381481482421875 0.244791666015625 0.3805555546875 0.246875 0.375
0 0.826041666015625 0.70277777734375 0.8328125 0.7018518515625 0.836979166015625 0.682407408203125 0.835416666015625 0.67592592578125 0.821875 0.67777777734375 0.79375 0.675 0.788020833984375 0.67592592578125 0.784895833984375 0.67962962890625 0.784375 0.692592591796875 0.788541666015625 0.6981481484375 0.821354166015625 0.69907407421875 0.826041666015625 0.70277777734375
0 0.3859375 0.610185185546875 0.409895833984375 0.625 0.418229166015625 0.613888888671875 0.419791666015625 0.6055555546875 0.418229166015625 0.60092592578125 0.406770833984375 0.60092592578125 0.4 0.593518517578125 0.392708333984375 0.593518517578125 0.3875 0.587037037109375 0.3828125 0.587037037109375 0.375520833984375 0.592592591796875 0.372395833984375 0.6018518515625 0.372916666015625 0.607407408203125 0.376041666015625 0.610185185546875 0.3859375 0.610185185546875
0 0.567708333984375 0.638888888671875 0.571875 0.62777777734375 0.571875 0.621296296875 0.569270833984375 0.616666666015625 0.557291666015625 0.618518517578125 0.529166666015625 0.613888888671875 0.525520833984375 0.614814814453125 0.522395833984375 0.6194444453125 0.520833333984375 0.62592592578125 0.522395833984375 0.637037037109375 0.563541666015625 0.639814814453125 0.567708333984375 0.638888888671875
0 0.490104166015625 0.57962962890625 0.502604166015625 0.5805555546875 0.50625 0.584259259765625 0.5125 0.582407408203125 0.516145833984375 0.57592592578125 0.517708333984375 0.566666666015625 0.516145833984375 0.560185185546875 0.5046875 0.562037037109375 0.494791666015625 0.557407408203125 0.486979166015625 0.559259259765625 0.48125 0.55277777734375 0.475 0.5555555546875 0.46875 0.562962962890625 0.468229166015625 0.571296296875 0.471354166015625 0.57592592578125 0.485416666015625 0.57592592578125 0.490104166015625 0.57962962890625
0 0.3796875 0.57592592578125 0.384375 0.566666666015625 0.384375 0.560185185546875 0.382291666015625 0.557407408203125 0.369270833984375 0.5555555546875 0.353645833984375 0.541666666015625 0.3453125 0.541666666015625 0.3375 0.55277777734375 0.338020833984375 0.560185185546875 0.353125 0.563888888671875 0.372916666015625 0.5805555546875 0.3796875 0.57592592578125
0 0.3875 0.541666666015625 0.396875 0.543518517578125 0.402083333984375 0.55 0.406770833984375 0.55 0.411458333984375 0.543518517578125 0.414583333984375 0.532407408203125 0.4140625 0.52777777734375 0.399479166015625 0.52592592578125 0.39375 0.5194444453125 0.386979166015625 0.518518517578125 0.3859375 0.514814814453125 0.380208333984375 0.512037037109375 0.373958333984375 0.513888888671875 0.367708333984375 0.52407407421875 0.366666666015625 0.528703703125 0.369270833984375 0.534259259765625 0.38125 0.535185185546875 0.3875 0.541666666015625
0 0.2796875 0.42777777734375 0.28125 0.435185185546875 0.290625 0.434259259765625 0.296875 0.42777777734375 0.296875 0.4231481484375 0.289583333984375 0.414814814453125 0.28125 0.391666666015625 0.272395833984375 0.391666666015625 0.266145833984375 0.396296296875 0.264583333984375 0.4018518515625 0.272916666015625 0.413888888671875 0.275 0.42222222265625 0.2796875 0.42777777734375
0 0.279166666015625 0.485185185546875 0.283333333984375 0.484259259765625 0.293229166015625 0.47407407421875 0.293229166015625 0.4694444453125 0.284895833984375 0.460185185546875 0.280208333984375 0.4481481484375 0.274479166015625 0.439814814453125 0.26875 0.439814814453125 0.258333333984375 0.4481481484375 0.2578125 0.45277777734375 0.261979166015625 0.459259259765625 0.267708333984375 0.462962962890625 0.279166666015625 0.485185185546875
0 0.232291666015625 0.52592592578125 0.2359375 0.532407408203125 0.2421875 0.531481482421875 0.2453125 0.52592592578125 0.247395833984375 0.52592592578125 0.250520833984375 0.518518517578125 0.249479166015625 0.512037037109375 0.240625 0.512037037109375 0.234895833984375 0.50092592578125 0.232291666015625 0.50092592578125 0.225 0.491666666015625 0.2140625 0.4944444453125 0.206770833984375 0.50277777734375 0.2078125 0.510185185546875 0.218229166015625 0.512037037109375 0.224479166015625 0.521296296875 0.232291666015625 0.52592592578125
0 0.6109375 0.596296296875 0.616145833984375 0.5805555546875 0.616145833984375 0.57407407421875 0.6125 0.5694444453125 0.58125 0.571296296875 0.576041666015625 0.568518517578125 0.569270833984375 0.571296296875 0.5671875 0.5768518515625 0.5671875 0.591666666015625 0.601041666015625 0.591666666015625 0.606770833984375 0.596296296875 0.6109375 0.596296296875
0 0.6671875 0.67777777734375 0.6890625 0.67962962890625 0.692708333984375 0.668518517578125 0.6921875 0.657407408203125 0.689583333984375 0.65462962890625 0.680729166015625 0.657407408203125 0.671875 0.65277777734375 0.657291666015625 0.65277777734375 0.649479166015625 0.64907407421875 0.644270833984375 0.65277777734375 0.6421875 0.657407408203125 0.641666666015625 0.668518517578125 0.64375 0.6731481484375 0.657291666015625 0.6731481484375 0.6671875 0.67777777734375
0 0.6 0.562037037109375 0.605729166015625 0.55092592578125 0.605729166015625 0.538888888671875 0.603125 0.537037037109375 0.5875 0.538888888671875 0.5671875 0.534259259765625 0.560416666015625 0.535185185546875 0.5578125 0.538888888671875 0.556770833984375 0.55277777734375 0.559895833984375 0.557407408203125 0.573958333984375 0.5555555546875 0.6 0.562037037109375
0 0.663020833984375 0.635185185546875 0.678125 0.635185185546875 0.6890625 0.638888888671875 0.69375 0.628703703125 0.693229166015625 0.614814814453125 0.6890625 0.613888888671875 0.684895833984375 0.616666666015625 0.676041666015625 0.616666666015625 0.650520833984375 0.610185185546875 0.644270833984375 0.614814814453125 0.643229166015625 0.6194444453125 0.643229166015625 0.633333333984375 0.647395833984375 0.635185185546875 0.660416666015625 0.632407408203125 0.663020833984375 0.635185185546875