0 0.7765625 0.3055555546875 0.776041666015625 0.2944444453125 0.7734375 0.287037037109375 0.7640625 0.282407408203125 0.75 0.268518517578125 0.736458333984375 0.268518517578125 0.733333333984375 0.275 0.730208333984375 0.2768518515625 0.730208333984375 0.291666666015625 0.736979166015625 0.293518517578125 0.746354166015625 0.3055555546875 0.7765625 0.3055555546875
0 0.8 0.643518517578125 0.801041666015625 0.637962962890625 0.806770833984375 0.632407408203125 0.8171875 0.62962962890625 0.8265625 0.6194444453125 0.8375 0.618518517578125 0.8390625 0.6055555546875 0.836979166015625 0.593518517578125 0.834895833984375 0.591666666015625 0.835416666015625 0.582407408203125 0.811458333984375 0.5805555546875 0.809895833984375 0.586111111328125 0.8 0.591666666015625 0.797916666015625 0.5981481484375 0.792708333984375 0.60462962890625 0.781770833984375 0.610185185546875 0.776041666015625 0.6231481484375 0.772916666015625 0.6194444453125 0.765104166015625 0.621296296875 0.755208333984375 0.639814814453125 0.7546875 0.643518517578125 0.757291666015625 0.6481481484375 0.791666666015625 0.6481481484375 0.8 0.643518517578125
0 0.6265625 0.282407408203125 0.63125 0.282407408203125 0.646354166015625 0.296296296875 0.671875 0.293518517578125 0.6671875 0.2731481484375 0.657291666015625 0.271296296875 0.6515625 0.260185185546875 0.641145833984375 0.25277777734375 0.6296875 0.2555555546875 0.629166666015625 0.260185185546875 0.625 0.267592591796875 0.625 0.278703703125 0.6265625 0.282407408203125
0 0.51875 0.12962962890625 0.538541666015625 0.12777777734375 0.536458333984375 0.114814814453125 0.531770833984375 0.113888888671875 0.525 0.1055555546875 0.513541666015625 0.10277777734375 0.506770833984375 0.107407408203125 0.505729166015625 0.1194444453125 0.5078125 0.125 0.515104166015625 0.12592592578125 0.51875 0.12962962890625
0 0.90625 0.532407408203125 0.9171875 0.52777777734375 0.91875 0.487037037109375 0.916145833984375 0.4805555546875 0.909895833984375 0.47777777734375 0.909375 0.466666666015625 0.891666666015625 0.466666666015625 0.890104166015625 0.468518517578125 0.891145833984375 0.47777777734375 0.88125 0.486111111328125 0.88125 0.50092592578125 0.879166666015625 0.513888888671875 0.8796875 0.5305555546875 0.90625 0.532407408203125
0 0.699479166015625 0.668518517578125 0.705729166015625 0.657407408203125 0.714583333984375 0.657407408203125 0.731770833984375 0.646296296875 0.747916666015625 0.643518517578125 0.749479166015625 0.635185185546875 0.748958333984375 0.62592592578125 0.744791666015625 0.618518517578125 0.744270833984375 0.6055555546875 0.734375 0.60092592578125 0.7265625 0.60092592578125 0.71875 0.610185185546875 0.70625 0.612037037109375 0.700520833984375 0.62592592578125 0.6875 0.635185185546875 0.680729166015625 0.643518517578125 0.670833333984375 0.6444444453125 0.6578125 0.662037037109375 0.656770833984375 0.668518517578125 0.660416666015625 0.6731481484375 0.690625 0.6731481484375 0.699479166015625 0.668518517578125
0 0.4125 0.7555555546875 0.426041666015625 0.7555555546875 0.434895833984375 0.7481481484375 0.449479166015625 0.7481481484375 0.454166666015625 0.7444444453125 0.480208333984375 0.737037037109375 0.5015625 0.737037037109375 0.505208333984375 0.7305555546875 0.5078125 0.6981481484375 0.50625 0.6944444453125 0.497395833984375 0.691666666015625 0.489583333984375 0.693518517578125 0.480729166015625 0.70092592578125 0.474479166015625 0.6981481484375 0.455729166015625 0.70092592578125 0.452083333984375 0.70277777734375 0.447395833984375 0.710185185546875 0.436458333984375 0.712037037109375 0.429166666015625 0.721296296875 0.40625 0.72777777734375 0.4015625 0.732407408203125 0.398958333984375 0.738888888671875 0.3921875 0.739814814453125 0.386979166015625 0.7444444453125 0.386458333984375 0.7518518515625 0.389583333984375 0.757407408203125 0.4078125 0.759259259765625 0.4125 0.7555555546875
0 0.4125 0.0444444453125 0.399479166015625 0.0305555546875 0.39375 0.0305555546875 0.3875 0.037962962890625 0.386979166015625 0.05 0.39375 0.0555555546875 0.413020833984375 0.05462962890625 0.4125 0.0444444453125
0 0.588020833984375 0.20462962890625 0.6125 0.20277777734375 0.6125 0.1944444453125 0.609895833984375 0.188888888671875 0.600520833984375 0.178703703125 0.5984375 0.1731481484375 0.580729166015625 0.1694444453125 0.573958333984375 0.17777777734375 0.572916666015625 0.190740740234375 0.575520833984375 0.1944444453125 0.581770833984375 0.196296296875 0.588020833984375 0.20462962890625
0 0.809895833984375 0.406481482421875 0.813020833984375 0.418518517578125 0.816666666015625 0.4231481484375 0.85 0.421296296875 0.8484375 0.40277777734375 0.841666666015625 0.388888888671875 0.838541666015625 0.387037037109375 0.838020833984375 0.382407408203125 0.827083333984375 0.3805555546875 0.8234375 0.371296296875 0.81875 0.3694444453125 0.80625 0.37222222265625 0.805208333984375 0.382407408203125 0.801041666015625 0.390740740234375 0.801041666015625 0.40092592578125 0.809895833984375 0.406481482421875
0 0.725520833984375 0.341666666015625 0.753645833984375 0.337037037109375 0.75 0.318518517578125 0.740104166015625 0.316666666015625 0.726041666015625 0.2944444453125 0.7109375 0.2944444453125 0.705729166015625 0.306481482421875 0.705729166015625 0.3231481484375 0.7109375 0.32407407421875 0.7171875 0.32962962890625 0.725520833984375 0.341666666015625
0 0.5140625 0.157407408203125 0.538020833984375 0.1555555546875 0.5375 0.146296296875 0.534895833984375 0.141666666015625 0.531770833984375 0.141666666015625 0.525 0.132407408203125 0.517708333984375 0.12777777734375 0.510416666015625 0.12777777734375 0.503125 0.137037037109375 0.502083333984375 0.146296296875 0.504166666015625 0.15 0.510416666015625 0.15092592578125 0.5140625 0.157407408203125
0 0.432291666015625 0.046296296875 0.434375 0.043518517578125 0.43125 0.032407408203125 0.423958333984375 0.02592592578125 0.411979166015625 0.02592592578125 0.407291666015625 0.02962962890625 0.406770833984375 0.038888888671875 0.411979166015625 0.043518517578125 0.4203125 0.046296296875 0.432291666015625 0.046296296875
0 0.654166666015625 0.259259259765625 0.659375 0.266666666015625 0.681770833984375 0.266666666015625 0.685416666015625 0.263888888671875 0.682291666015625 0.25 0.674479166015625 0.2481481484375 0.6640625 0.235185185546875 0.6609375 0.22777777734375 0.648958333984375 0.22592592578125 0.64375 0.228703703125 0.64375 0.234259259765625 0.639583333984375 0.242592591796875 0.640104166015625 0.25092592578125 0.654166666015625 0.259259259765625
0 0.626041666015625 0.193518517578125 0.634895833984375 0.190740740234375 0.635416666015625 0.182407408203125 0.631770833984375 0.17592592578125 0.6234375 0.1731481484375 0.608333333984375 0.157407408203125 0.602083333984375 0.157407408203125 0.6 0.160185185546875 0.602083333984375 0.17777777734375 0.6125 0.191666666015625 0.626041666015625 0.193518517578125
0 0.847395833984375 0.393518517578125 0.853645833984375 0.391666666015625 0.872395833984375 0.3944444453125 0.8796875 0.391666666015625 0.872916666015625 0.3694444453125 0.864583333984375 0.368518517578125 0.859895833984375 0.357407408203125 0.8578125 0.357407408203125 0.849479166015625 0.343518517578125 0.835416666015625 0.346296296875 0.833333333984375 0.3481481484375 0.832291666015625 0.3555555546875 0.827083333984375 0.360185185546875 0.8265625 0.371296296875 0.8296875 0.37777777734375 0.8359375 0.37777777734375 0.847395833984375 0.393518517578125
0 0.847916666015625 0.541666666015625 0.8484375 0.52222222265625 0.854166666015625 0.516666666015625 0.8546875 0.5055555546875 0.852083333984375 0.4981481484375 0.847916666015625 0.4981481484375 0.8453125 0.493518517578125 0.844270833984375 0.485185185546875 0.827604166015625 0.485185185546875 0.827604166015625 0.49722222265625 0.8171875 0.50277777734375 0.816666666015625 0.518518517578125 0.808854166015625 0.5305555546875 0.808333333984375 0.543518517578125 0.811979166015625 0.55 0.844791666015625 0.5481481484375 0.847916666015625 0.541666666015625