0 0.418229166015625 0.521296296875 0.5 0.521296296875 0.505729166015625 0.52592592578125 0.51875 0.52592592578125 0.524479166015625 0.518518517578125 0.525520833984375 0.466666666015625 0.522395833984375 0.4481481484375 0.51875 0.446296296875 0.517708333984375 0.441666666015625 0.502083333984375 0.441666666015625 0.497916666015625 0.437037037109375 0.494791666015625 0.437037037109375 0.492708333984375 0.42962962890625 0.49375 0.412037037109375 0.491666666015625 0.407407408203125 0.483333333984375 0.40277777734375 0.466666666015625 0.40277777734375 0.463541666015625 0.393518517578125 0.455208333984375 0.393518517578125 0.454166666015625 0.40092592578125 0.449479166015625 0.40277777734375 0.4453125 0.40092592578125 0.43125 0.4055555546875 0.430208333984375 0.434259259765625 0.4234375 0.435185185546875 0.417708333984375 0.441666666015625 0.403645833984375 0.441666666015625 0.4 0.44722222265625 0.396354166015625 0.459259259765625 0.394791666015625 0.47407407421875 0.394270833984375 0.518518517578125 0.397395833984375 0.52592592578125 0.409895833984375 0.52592592578125 0.418229166015625 0.521296296875
0 0.5640625 0.107407408203125 0.5578125 0.093518517578125 0.545833333984375 0.088888888671875 0.541145833984375 0.093518517578125 0.5359375 0.0944444453125 0.530208333984375 0.1055555546875 0.524479166015625 0.106481482421875 0.5234375 0.1305555546875 0.525 0.134259259765625 0.5625 0.1305555546875 0.5640625 0.107407408203125
0 0.540625 0.9481481484375 0.545833333984375 0.957407408203125 0.552604166015625 0.963888888671875 0.584895833984375 0.963888888671875 0.588541666015625 0.960185185546875 0.5984375 0.939814814453125 0.609895833984375 0.941666666015625 0.6296875 0.9481481484375 0.638541666015625 0.957407408203125 0.659375 0.968518517578125 0.669270833984375 0.971296296875 0.700520833984375 0.971296296875 0.703645833984375 0.975 0.70625 0.986111111328125 0.7140625 0.9981481484375 0.756770833984375 0.996296296875 0.769270833984375 0.988888888671875 0.786979166015625 0.988888888671875 0.797916666015625 0.993518517578125 0.816666666015625 0.9944444453125 0.8875 0.993518517578125 0.936458333984375 0.9805555546875 0.952604166015625 0.9805555546875 0.951041666015625 0.97037037109375 0.9515625 0.95092592578125 0.949479166015625 0.943518517578125 0.930729166015625 0.937037037109375 0.929166666015625 0.9444444453125 0.926041666015625 0.9481481484375 0.920833333984375 0.94722222265625 0.920833333984375 0.918518517578125 0.918229166015625 0.90092592578125 0.911458333984375 0.882407408203125 0.905208333984375 0.8731481484375 0.896875 0.868518517578125 0.870833333984375 0.868518517578125 0.859895833984375 0.887037037109375 0.83125 0.884259259765625 0.824479166015625 0.87962962890625 0.824479166015625 0.864814814453125 0.8140625 0.8481481484375 0.817708333984375 0.838888888671875 0.817708333984375 0.835185185546875 0.814583333984375 0.832407408203125 0.802604166015625 0.832407408203125 0.799479166015625 0.8444444453125 0.772395833984375 0.8481481484375 0.769791666015625 0.846296296875 0.766666666015625 0.837962962890625 0.772916666015625 0.8231481484375 0.772916666015625 0.816666666015625 0.769791666015625 0.812037037109375 0.759375 0.809259259765625 0.732291666015625 0.809259259765625 0.730729166015625 0.806481482421875 0.730729166015625 0.8 0.734895833984375 0.793518517578125 0.734375 0.788888888671875 0.73125 0.788888888671875 0.71875 0.778703703125 0.719791666015625 0.77037037109375 0.7265625 0.764814814453125 0.725 0.760185185546875 0.705208333984375 0.760185185546875 0.700520833984375 0.762962962890625 0.702083333984375 0.768518517578125 0.705208333984375 0.768518517578125 0.708854166015625 0.7731481484375 0.707291666015625 0.77592592578125 0.663541666015625 0.766666666015625 0.625520833984375 0.766666666015625 0.61875 0.771296296875 0.594270833984375 0.7694444453125 0.5625 0.7731481484375 0.559895833984375 0.782407408203125 0.5546875 0.788888888671875 0.55625 0.818518517578125 0.558854166015625 0.834259259765625 0.5609375 0.837962962890625 0.554166666015625 0.843518517578125 0.543229166015625 0.846296296875 0.5390625 0.85277777734375 0.535416666015625 0.864814814453125 0.533333333984375 0.87592592578125 0.533333333984375 0.90277777734375 0.5359375 0.9305555546875 0.540625 0.9481481484375
0 0.611979166015625 0.12777777734375 0.610416666015625 0.111111111328125 0.602083333984375 0.103703703125 0.599479166015625 0.096296296875 0.591666666015625 0.096296296875 0.5890625 0.093518517578125 0.574479166015625 0.096296296875 0.572395833984375 0.1055555546875 0.563020833984375 0.115740740234375 0.5625 0.12962962890625 0.5640625 0.135185185546875 0.609375 0.137037037109375 0.611979166015625 0.12777777734375
0 0.544270833984375 0.085185185546875 0.543229166015625 0.071296296875 0.538541666015625 0.0694444453125 0.530729166015625 0.060185185546875 0.5265625 0.059259259765625 0.515104166015625 0.060185185546875 0.502083333984375 0.07592592578125 0.5015625 0.092592591796875 0.503125 0.0944444453125 0.540625 0.091666666015625 0.544270833984375 0.085185185546875
0 0.573958333984375 0 0.573958333984375 0.00462962890625 0.576041666015625 0.010185185546875 0.601041666015625 0.012037037109375 0.609895833984375 0.009259259765625 0.610416666015625 0 0.573958333984375 0
0 0.459375 0.218518517578125 0.4625 0.2231481484375 0.491145833984375 0.2231481484375 0.494270833984375 0.218518517578125 0.493229166015625 0.187037037109375 0.4828125 0.182407408203125 0.4703125 0.171296296875 0.466666666015625 0.1731481484375 0.461458333984375 0.168518517578125 0.45625 0.168518517578125 0.453645833984375 0.1731481484375 0.449479166015625 0.17407407421875 0.4453125 0.182407408203125 0.43125 0.187037037109375 0.428645833984375 0.192592591796875 0.427604166015625 0.207407408203125 0.446354166015625 0.210185185546875 0.448958333984375 0.213888888671875 0.459375 0.218518517578125
0 0.555208333984375 0 0.543229166015625 0.007407408203125 0.541666666015625 0.018518517578125 0.559375 0.018518517578125 0.5671875 0.021296296875 0.572916666015625 0.018518517578125 0.574479166015625 0.013888888671875 0.574479166015625 0.0055555546875 0.572395833984375 0 0.555208333984375 0
0 0.465625 0.387037037109375 0.469270833984375 0.393518517578125 0.46875 0.403703703125 0.483854166015625 0.40277777734375 0.491145833984375 0.4055555546875 0.494791666015625 0.413888888671875 0.49375 0.4305555546875 0.4953125 0.435185185546875 0.5078125 0.441666666015625 0.521875 0.441666666015625 0.524479166015625 0.4555555546875 0.527083333984375 0.460185185546875 0.553645833984375 0.464814814453125 0.556770833984375 0.463888888671875 0.560416666015625 0.457407408203125 0.5625 0.45092592578125 0.563541666015625 0.437037037109375 0.563020833984375 0.409259259765625 0.5609375 0.393518517578125 0.539583333984375 0.391666666015625 0.5375 0.385185185546875 0.5296875 0.384259259765625 0.528645833984375 0.3768518515625 0.534895833984375 0.375 0.536458333984375 0.371296296875 0.535416666015625 0.357407408203125 0.509895833984375 0.3555555546875 0.5078125 0.3518518515625 0.509375 0.34907407421875 0.508333333984375 0.346296296875 0.497916666015625 0.343518517578125 0.496875 0.3481481484375 0.4953125 0.34722222265625 0.497916666015625 0.35092592578125 0.496354166015625 0.3555555546875 0.478645833984375 0.3555555546875 0.475 0.359259259765625 0.474479166015625 0.375 0.4765625 0.37777777734375 0.474479166015625 0.385185185546875 0.465625 0.387037037109375
0 0.464583333984375 0.171296296875 0.4734375 0.171296296875 0.485416666015625 0.182407408203125 0.494270833984375 0.182407408203125 0.49375 0.164814814453125 0.483333333984375 0.158333333984375 0.48125 0.146296296875 0.479166666015625 0.143518517578125 0.452083333984375 0.143518517578125 0.446875 0.159259259765625 0.438020833984375 0.163888888671875 0.4375 0.182407408203125 0.446354166015625 0.181481482421875 0.45625 0.164814814453125 0.464583333984375 0.171296296875
0 0.5671875 0.057407408203125 0.566666666015625 0.046296296875 0.563541666015625 0.038888888671875 0.563541666015625 0.034259259765625 0.560416666015625 0.038888888671875 0.553645833984375 0.037037037109375 0.55 0.032407408203125 0.539583333984375 0.038888888671875 0.533333333984375 0.038888888671875 0.532291666015625 0.035185185546875 0.529166666015625 0.046296296875 0.528645833984375 0.0555555546875 0.532291666015625 0.060185185546875 0.565104166015625 0.062037037109375 0.5671875 0.057407408203125
0 0.5453125 0.037037037109375 0.552604166015625 0.039814814453125 0.5640625 0.038888888671875 0.566145833984375 0.035185185546875 0.566145833984375 0.02592592578125 0.5640625 0.021296296875 0.554166666015625 0.016666666015625 0.543229166015625 0.013888888671875 0.541145833984375 0.018518517578125 0.5328125 0.0231481484375 0.53125 0.02592592578125 0.531770833984375 0.039814814453125 0.541145833984375 0.039814814453125 0.5453125 0.037037037109375
0 0.4765625 0.268518517578125 0.4765625 0.243518517578125 0.474479166015625 0.234259259765625 0.471354166015625 0.2305555546875 0.463541666015625 0.2305555546875 0.458333333984375 0.218518517578125 0.448958333984375 0.212037037109375 0.418229166015625 0.210185185546875 0.417708333984375 0.22037037109375 0.413541666015625 0.2231481484375 0.409895833984375 0.2305555546875 0.3984375 0.233333333984375 0.397395833984375 0.271296296875 0.399479166015625 0.275 0.474479166015625 0.2731481484375 0.4765625 0.268518517578125