0 0.312037037109375 0.186458333984375 0.334259259765625 0.186979166015625 0.337037037109375 0.1828125 0.335185185546875 0.169791666015625 0.312037037109375 0.16875 0.3055555546875 0.171354166015625 0.30462962890625 0.18125 0.312037037109375 0.186458333984375
0 0.3 0.130208333984375 0.2981481484375 0.138541666015625 0.3055555546875 0.14375 0.32777777734375 0.144270833984375 0.3305555546875 0.142708333984375 0.332407408203125 0.130208333984375 0.32777777734375 0.127083333984375 0.312037037109375 0.127083333984375 0.3 0.130208333984375
0 0.486111111328125 0.200520833984375 0.5 0.201041666015625 0.5055555546875 0.190104166015625 0.50462962890625 0.180208333984375 0.493518517578125 0.175520833984375 0.482407408203125 0.174479166015625 0.47777777734375 0.171354166015625 0.47777777734375 0.16875 0.457407408203125 0.16875 0.45277777734375 0.172395833984375 0.45277777734375 0.181770833984375 0.457407408203125 0.184375 0.460185185546875 0.189583333984375 0.4694444453125 0.190104166015625 0.486111111328125 0.200520833984375
0 0.5444444453125 0.302083333984375 0.557407408203125 0.300520833984375 0.557407408203125 0.2953125 0.5481481484375 0.284895833984375 0.546296296875 0.275 0.521296296875 0.275 0.512037037109375 0.283333333984375 0.512037037109375 0.286979166015625 0.521296296875 0.296354166015625 0.535185185546875 0.302604166015625 0.536111111328125 0.305729166015625 0.538888888671875 0.306770833984375 0.5444444453125 0.302083333984375
0 0.366666666015625 0.170833333984375 0.3555555546875 0.171354166015625 0.3481481484375 0.175520833984375 0.3481481484375 0.182291666015625 0.3555555546875 0.188541666015625 0.364814814453125 0.190104166015625 0.371296296875 0.193229166015625 0.382407408203125 0.19375 0.387037037109375 0.191145833984375 0.388888888671875 0.175520833984375 0.366666666015625 0.170833333984375
0 0.391666666015625 0.2078125 0.387037037109375 0.2125 0.37962962890625 0.2140625 0.3805555546875 0.220833333984375 0.388888888671875 0.227604166015625 0.396296296875 0.227604166015625 0.407407408203125 0.23125 0.4231481484375 0.230729166015625 0.42592592578125 0.2125 0.40092592578125 0.2078125 0.391666666015625 0.2078125
0 0.635185185546875 0.408333333984375 0.6194444453125 0.41875 0.62777777734375 0.426041666015625 0.6305555546875 0.449479166015625 0.635185185546875 0.4625 0.638888888671875 0.465104166015625 0.638888888671875 0.4734375 0.635185185546875 0.476041666015625 0.635185185546875 0.4796875 0.643518517578125 0.483854166015625 0.6444444453125 0.4921875 0.646296296875 0.49375 0.662962962890625 0.4921875 0.675 0.4859375 0.675 0.480208333984375 0.671296296875 0.4765625 0.671296296875 0.469270833984375 0.663888888671875 0.464583333984375 0.663888888671875 0.445833333984375 0.659259259765625 0.429166666015625 0.660185185546875 0.422395833984375 0.663888888671875 0.41875 0.660185185546875 0.414583333984375 0.646296296875 0.4140625 0.635185185546875 0.408333333984375
0 0.560185185546875 0.325 0.559259259765625 0.3296875 0.566666666015625 0.336979166015625 0.57777777734375 0.359895833984375 0.584259259765625 0.366666666015625 0.585185185546875 0.381770833984375 0.5944444453125 0.385416666015625 0.60092592578125 0.391666666015625 0.607407408203125 0.391666666015625 0.616666666015625 0.383854166015625 0.618518517578125 0.373958333984375 0.613888888671875 0.363541666015625 0.6055555546875 0.361458333984375 0.6055555546875 0.347916666015625 0.596296296875 0.333333333984375 0.596296296875 0.324479166015625 0.593518517578125 0.321354166015625 0.57777777734375 0.321354166015625 0.571296296875 0.319270833984375 0.560185185546875 0.325
0 0.50277777734375 0.173958333984375 0.508333333984375 0.175520833984375 0.521296296875 0.175520833984375 0.52777777734375 0.1625 0.52592592578125 0.152083333984375 0.50277777734375 0.146875 0.4981481484375 0.144270833984375 0.496296296875 0.140104166015625 0.47592592578125 0.141666666015625 0.4694444453125 0.144791666015625 0.4694444453125 0.153125 0.47777777734375 0.1578125 0.4805555546875 0.161979166015625 0.491666666015625 0.163541666015625 0.5 0.168229166015625 0.50277777734375 0.173958333984375
0 0.725 0.341666666015625 0.718518517578125 0.344270833984375 0.714814814453125 0.350520833984375 0.718518517578125 0.354166666015625 0.725 0.35625 0.72592592578125 0.363020833984375 0.735185185546875 0.36875 0.741666666015625 0.3796875 0.743518517578125 0.3890625 0.7555555546875 0.396354166015625 0.757407408203125 0.402083333984375 0.75277777734375 0.405729166015625 0.75277777734375 0.411979166015625 0.762037037109375 0.416145833984375 0.768518517578125 0.4234375 0.7768518515625 0.424479166015625 0.789814814453125 0.41875 0.8 0.408854166015625 0.80092592578125 0.4015625 0.7944444453125 0.389583333984375 0.782407408203125 0.3859375 0.7805555546875 0.3765625 0.762037037109375 0.350520833984375 0.762037037109375 0.338020833984375 0.75092592578125 0.3375 0.742592591796875 0.339583333984375 0.735185185546875 0.3359375 0.7305555546875 0.3359375 0.725 0.341666666015625
0 0.6444444453125 0.627083333984375 0.638888888671875 0.640104166015625 0.639814814453125 0.666145833984375 0.637037037109375 0.66875 0.637037037109375 0.674479166015625 0.641666666015625 0.678125 0.641666666015625 0.686458333984375 0.6481481484375 0.6875 0.660185185546875 0.693229166015625 0.671296296875 0.69375 0.671296296875 0.686458333984375 0.67592592578125 0.6796875 0.668518517578125 0.670833333984375 0.6731481484375 0.6609375 0.6731481484375 0.6328125 0.6805555546875 0.6265625 0.6805555546875 0.620833333984375 0.666666666015625 0.613541666015625 0.641666666015625 0.609895833984375 0.638888888671875 0.611979166015625 0.638888888671875 0.61875 0.643518517578125 0.621875 0.6444444453125 0.627083333984375
0 0.6 0.5 0.607407408203125 0.508333333984375 0.6055555546875 0.533333333984375 0.612037037109375 0.545833333984375 0.612037037109375 0.5515625 0.607407408203125 0.558854166015625 0.613888888671875 0.5640625 0.614814814453125 0.572395833984375 0.617592591796875 0.5734375 0.636111111328125 0.574479166015625 0.643518517578125 0.569791666015625 0.643518517578125 0.566666666015625 0.641666666015625 0.5546875 0.634259259765625 0.55 0.637037037109375 0.535416666015625 0.635185185546875 0.509375 0.638888888671875 0.500520833984375 0.632407408203125 0.496875 0.6268518515625 0.496875 0.618518517578125 0.491666666015625 0.612037037109375 0.491666666015625 0.60092592578125 0.493229166015625 0.6 0.5
0 0.3555555546875 0.144270833984375 0.364814814453125 0.15 0.3805555546875 0.152604166015625 0.393518517578125 0.153125 0.396296296875 0.15 0.396296296875 0.133333333984375 0.366666666015625 0.131770833984375 0.3555555546875 0.1375 0.3555555546875 0.144270833984375
0 0.57592592578125 0.3171875 0.57407407421875 0.308333333984375 0.560185185546875 0.3 0.543518517578125 0.300520833984375 0.538888888671875 0.302083333984375 0.537037037109375 0.30625 0.537037037109375 0.309375 0.546296296875 0.318229166015625 0.543518517578125 0.319791666015625 0.543518517578125 0.324479166015625 0.55277777734375 0.327604166015625 0.560185185546875 0.329166666015625 0.57592592578125 0.3171875
0 0.52777777734375 0.186458333984375 0.534259259765625 0.1890625 0.537037037109375 0.19375 0.55092592578125 0.200520833984375 0.55092592578125 0.203125 0.559259259765625 0.209895833984375 0.560185185546875 0.217708333984375 0.568518517578125 0.219270833984375 0.5731481484375 0.222916666015625 0.5805555546875 0.222916666015625 0.584259259765625 0.2203125 0.591666666015625 0.207291666015625 0.591666666015625 0.198958333984375 0.587037037109375 0.194791666015625 0.57592592578125 0.191666666015625 0.5731481484375 0.186458333984375 0.562037037109375 0.180208333984375 0.562037037109375 0.176041666015625 0.557407408203125 0.171354166015625 0.5481481484375 0.170833333984375 0.535185185546875 0.172916666015625 0.5305555546875 0.176041666015625 0.52777777734375 0.186458333984375
0 0.557407408203125 0.238020833984375 0.55277777734375 0.249479166015625 0.560185185546875 0.253645833984375 0.564814814453125 0.2609375 0.571296296875 0.264583333984375 0.57407407421875 0.2734375 0.587037037109375 0.281770833984375 0.587037037109375 0.291145833984375 0.60092592578125 0.2984375 0.6055555546875 0.297916666015625 0.616666666015625 0.2859375 0.618518517578125 0.274479166015625 0.613888888671875 0.269270833984375 0.60092592578125 0.261979166015625 0.60092592578125 0.258333333984375 0.5944444453125 0.253645833984375 0.587037037109375 0.243229166015625 0.587037037109375 0.2375 0.582407408203125 0.235416666015625 0.5731481484375 0.236979166015625 0.562037037109375 0.236458333984375 0.557407408203125 0.238020833984375
0 0.4231481484375 0.273958333984375 0.42592592578125 0.267708333984375 0.42592592578125 0.2546875 0.418518517578125 0.252083333984375 0.408333333984375 0.252083333984375 0.40092592578125 0.246875 0.391666666015625 0.246875 0.3805555546875 0.252083333984375 0.3805555546875 0.261458333984375 0.385185185546875 0.2625 0.389814814453125 0.266666666015625 0.40462962890625 0.268229166015625 0.411111111328125 0.273958333984375 0.4231481484375 0.273958333984375
0 0.510185185546875 0.259895833984375 0.513888888671875 0.2609375 0.52777777734375 0.2625 0.532407408203125 0.260416666015625 0.538888888671875 0.24375 0.535185185546875 0.238020833984375 0.521296296875 0.232291666015625 0.518518517578125 0.227604166015625 0.510185185546875 0.222916666015625 0.509259259765625 0.2171875 0.5 0.215625 0.484259259765625 0.21875 0.482407408203125 0.228645833984375 0.50277777734375 0.247916666015625 0.510185185546875 0.2515625 0.510185185546875 0.259895833984375
0 0.335185185546875 0.217708333984375 0.363888888671875 0.2203125 0.366666666015625 0.218229166015625 0.366666666015625 0.2015625 0.339814814453125 0.198958333984375 0.3305555546875 0.202083333984375 0.3305555546875 0.2125 0.335185185546875 0.217708333984375
0 0.4768518515625 0.254166666015625 0.484259259765625 0.2546875 0.488888888671875 0.249479166015625 0.489814814453125 0.238020833984375 0.487037037109375 0.232291666015625 0.47962962890625 0.227083333984375 0.465740740234375 0.225520833984375 0.460185185546875 0.219791666015625 0.45092592578125 0.219791666015625 0.438888888671875 0.224479166015625 0.437037037109375 0.235416666015625 0.44722222265625 0.2421875 0.460185185546875 0.244270833984375 0.463888888671875 0.249479166015625 0.4768518515625 0.254166666015625
0 0.466666666015625 0.163020833984375 0.463888888671875 0.155208333984375 0.42777777734375 0.152604166015625 0.4231481484375 0.156770833984375 0.416666666015625 0.1578125 0.413888888671875 0.167708333984375 0.4268518515625 0.175 0.4481481484375 0.175520833984375 0.4555555546875 0.169270833984375 0.462037037109375 0.168229166015625 0.466666666015625 0.163020833984375