0 0.317708333984375 0.05277777734375 0.318229166015625 0.037037037109375 0.313541666015625 0.0305555546875 0.307291666015625 0.0305555546875 0.304166666015625 0.038888888671875 0.303645833984375 0.04722222265625 0.305208333984375 0.05462962890625 0.313541666015625 0.0555555546875 0.317708333984375 0.05277777734375
0 0.710416666015625 0.707407408203125 0.71875 0.713888888671875 0.724479166015625 0.713888888671875 0.734375 0.7231481484375 0.741145833984375 0.725 0.749479166015625 0.721296296875 0.757291666015625 0.738888888671875 0.774479166015625 0.741666666015625 0.78125 0.7305555546875 0.78125 0.70092592578125 0.7796875 0.6981481484375 0.7703125 0.696296296875 0.7671875 0.687037037109375 0.752083333984375 0.688888888671875 0.74375 0.6805555546875 0.734895833984375 0.67777777734375 0.730729166015625 0.6731481484375 0.710416666015625 0.668518517578125 0.70625 0.660185185546875 0.699479166015625 0.6555555546875 0.693229166015625 0.6555555546875 0.686979166015625 0.665740740234375 0.6859375 0.67962962890625 0.688020833984375 0.69537037109375 0.69375 0.710185185546875 0.710416666015625 0.707407408203125
0 0.327083333984375 0.088888888671875 0.319791666015625 0.085185185546875 0.313020833984375 0.091666666015625 0.3140625 0.112962962890625 0.318229166015625 0.116666666015625 0.33125 0.112037037109375 0.327083333984375 0.088888888671875
0 0.2890625 0.062037037109375 0.284895833984375 0.043518517578125 0.275 0.0444444453125 0.272916666015625 0.05 0.272916666015625 0.062962962890625 0.276041666015625 0.068518517578125 0.286979166015625 0.066666666015625 0.2890625 0.062037037109375
0 0.404166666015625 0.435185185546875 0.40625 0.443518517578125 0.410416666015625 0.4481481484375 0.4140625 0.463888888671875 0.416145833984375 0.466666666015625 0.428645833984375 0.466666666015625 0.441145833984375 0.457407408203125 0.441666666015625 0.45277777734375 0.438541666015625 0.44537037109375 0.4375 0.435185185546875 0.43125 0.432407408203125 0.427083333984375 0.4231481484375 0.4203125 0.416666666015625 0.418229166015625 0.40092592578125 0.413020833984375 0.4 0.410416666015625 0.391666666015625 0.4 0.391666666015625 0.395833333984375 0.39722222265625 0.39375 0.410185185546875 0.39375 0.42407407421875 0.4 0.42777777734375 0.404166666015625 0.435185185546875
0 0.417708333984375 0.5305555546875 0.425520833984375 0.532407408203125 0.438020833984375 0.55092592578125 0.447395833984375 0.556481482421875 0.448958333984375 0.565740740234375 0.45625 0.57592592578125 0.466145833984375 0.57592592578125 0.48125 0.563888888671875 0.48125 0.5555555546875 0.475 0.543518517578125 0.472916666015625 0.535185185546875 0.4625 0.537037037109375 0.459895833984375 0.52777777734375 0.455729166015625 0.521296296875 0.4515625 0.521296296875 0.444791666015625 0.514814814453125 0.438541666015625 0.496296296875 0.434895833984375 0.496296296875 0.43125 0.488888888671875 0.427083333984375 0.488888888671875 0.416666666015625 0.49722222265625 0.416666666015625 0.507407408203125 0.4140625 0.512037037109375 0.4140625 0.525 0.417708333984375 0.5305555546875
0 0.359895833984375 0.4444444453125 0.3625 0.458333333984375 0.36875 0.47592592578125 0.379166666015625 0.47592592578125 0.389583333984375 0.471296296875 0.39375 0.466666666015625 0.391666666015625 0.4444444453125 0.390104166015625 0.441666666015625 0.3859375 0.441666666015625 0.380208333984375 0.42777777734375 0.3765625 0.42777777734375 0.375 0.425 0.375 0.412037037109375 0.3703125 0.409259259765625 0.366145833984375 0.3981481484375 0.355729166015625 0.40092592578125 0.3515625 0.4055555546875 0.349479166015625 0.416666666015625 0.349479166015625 0.42962962890625 0.355208333984375 0.435185185546875 0.359895833984375 0.4444444453125
0 0.305729166015625 0.062037037109375 0.303125 0.05092592578125 0.295833333984375 0.046296296875 0.291666666015625 0.05277777734375 0.290625 0.067592591796875 0.292708333984375 0.0731481484375 0.305208333984375 0.071296296875 0.305729166015625 0.062037037109375
0 0.309375 0.118518517578125 0.303645833984375 0.1055555546875 0.295833333984375 0.1055555546875 0.293229166015625 0.112037037109375 0.293229166015625 0.138888888671875 0.3109375 0.137037037109375 0.311458333984375 0.12962962890625 0.309375 0.118518517578125
0 0.30625 0.257407408203125 0.307291666015625 0.27962962890625 0.313020833984375 0.284259259765625 0.329166666015625 0.27962962890625 0.328645833984375 0.266666666015625 0.3234375 0.2555555546875 0.321875 0.239814814453125 0.31875 0.238888888671875 0.316145833984375 0.232407408203125 0.307291666015625 0.233333333984375 0.30625 0.241666666015625 0.3015625 0.246296296875 0.302604166015625 0.25462962890625 0.30625 0.257407408203125
0 0.345833333984375 0.2055555546875 0.346354166015625 0.1981481484375 0.3421875 0.17592592578125 0.33125 0.166666666015625 0.327604166015625 0.168518517578125 0.323958333984375 0.178703703125 0.327083333984375 0.208333333984375 0.3375 0.210185185546875 0.345833333984375 0.2055555546875
0 0.33125 0.360185185546875 0.34375 0.360185185546875 0.354166666015625 0.3555555546875 0.353125 0.341666666015625 0.346354166015625 0.32407407421875 0.344791666015625 0.307407408203125 0.3421875 0.307407408203125 0.338541666015625 0.2981481484375 0.334895833984375 0.2981481484375 0.325520833984375 0.308333333984375 0.3234375 0.313888888671875 0.3234375 0.325 0.327604166015625 0.35092592578125 0.33125 0.360185185546875
0 0.319270833984375 0.209259259765625 0.316666666015625 0.182407408203125 0.311979166015625 0.1731481484375 0.304166666015625 0.171296296875 0.3 0.17592592578125 0.298958333984375 0.1805555546875 0.3 0.209259259765625 0.302604166015625 0.213888888671875 0.317708333984375 0.212037037109375 0.319270833984375 0.209259259765625
0 0.393229166015625 0.360185185546875 0.394270833984375 0.37407407421875 0.397395833984375 0.387037037109375 0.414583333984375 0.388888888671875 0.422916666015625 0.382407408203125 0.420833333984375 0.364814814453125 0.4125 0.35462962890625 0.410416666015625 0.34722222265625 0.409895833984375 0.335185185546875 0.407291666015625 0.334259259765625 0.403125 0.3231481484375 0.39375 0.3231481484375 0.390104166015625 0.3305555546875 0.390104166015625 0.335185185546875 0.386979166015625 0.341666666015625 0.386979166015625 0.35277777734375 0.393229166015625 0.360185185546875
0 0.500520833984375 0.5768518515625 0.5046875 0.585185185546875 0.511458333984375 0.582407408203125 0.536458333984375 0.60462962890625 0.5453125 0.6055555546875 0.552083333984375 0.621296296875 0.5625 0.62777777734375 0.567708333984375 0.62777777734375 0.572916666015625 0.6231481484375 0.58125 0.610185185546875 0.580729166015625 0.59907407421875 0.569791666015625 0.5805555546875 0.558333333984375 0.582407408203125 0.551041666015625 0.5694444453125 0.544270833984375 0.568518517578125 0.536458333984375 0.560185185546875 0.530208333984375 0.557407408203125 0.5265625 0.55277777734375 0.525 0.546296296875 0.51875 0.543518517578125 0.516145833984375 0.537037037109375 0.511458333984375 0.535185185546875 0.50625 0.546296296875 0.501041666015625 0.54907407421875 0.500520833984375 0.553703703125 0.503125 0.562037037109375 0.500520833984375 0.565740740234375 0.500520833984375 0.5768518515625
0 0.376041666015625 0.341666666015625 0.386979166015625 0.337037037109375 0.388020833984375 0.321296296875 0.384895833984375 0.306481482421875 0.384375 0.288888888671875 0.382291666015625 0.288888888671875 0.378645833984375 0.282407408203125 0.367708333984375 0.282407408203125 0.3625 0.291666666015625 0.361979166015625 0.303703703125 0.3640625 0.314814814453125 0.365104166015625 0.339814814453125 0.376041666015625 0.341666666015625
0 0.350520833984375 0.146296296875 0.349479166015625 0.125 0.34375 0.114814814453125 0.335416666015625 0.114814814453125 0.331770833984375 0.1231481484375 0.33125 0.134259259765625 0.333854166015625 0.15 0.344791666015625 0.15092592578125 0.350520833984375 0.146296296875
0 0.39375 0.266666666015625 0.3953125 0.262037037109375 0.39375 0.246296296875 0.390104166015625 0.243518517578125 0.386979166015625 0.22592592578125 0.3828125 0.218518517578125 0.373958333984375 0.218518517578125 0.36875 0.22777777734375 0.368229166015625 0.240740740234375 0.372916666015625 0.2481481484375 0.375520833984375 0.268518517578125 0.39375 0.266666666015625
0 0.336979166015625 0.27592592578125 0.348958333984375 0.275 0.355208333984375 0.271296296875 0.355729166015625 0.257407408203125 0.3515625 0.25 0.3484375 0.2305555546875 0.346354166015625 0.2305555546875 0.341666666015625 0.2231481484375 0.3328125 0.22777777734375 0.330729166015625 0.242592591796875 0.333333333984375 0.256481482421875 0.333854166015625 0.271296296875 0.336979166015625 0.27592592578125
0 0.334895833984375 0.057407408203125 0.334895833984375 0.05 0.33125 0.037037037109375 0.3234375 0.034259259765625 0.319270833984375 0.038888888671875 0.31875 0.053703703125 0.320833333984375 0.060185185546875 0.33125 0.060185185546875 0.334895833984375 0.057407408203125