0 0.390104166015625 0.60277777734375 0.391666666015625 0.60462962890625 0.444791666015625 0.6055555546875 0.460416666015625 0.6 0.459895833984375 0.566666666015625 0.456770833984375 0.553703703125 0.452604166015625 0.55092592578125 0.4515625 0.54722222265625 0.4546875 0.541666666015625 0.453645833984375 0.513888888671875 0.449479166015625 0.509259259765625 0.440104166015625 0.510185185546875 0.438541666015625 0.507407408203125 0.438541666015625 0.489814814453125 0.436458333984375 0.485185185546875 0.407291666015625 0.485185185546875 0.405729166015625 0.509259259765625 0.3953125 0.510185185546875 0.3921875 0.513888888671875 0.390104166015625 0.52592592578125 0.392708333984375 0.54907407421875 0.390104166015625 0.560185185546875 0.389583333984375 0.5731481484375 0.390104166015625 0.60277777734375
0 0.474479166015625 0.35092592578125 0.472395833984375 0.32592592578125 0.469791666015625 0.321296296875 0.4671875 0.321296296875 0.4625 0.312037037109375 0.449479166015625 0.312037037109375 0.447916666015625 0.321296296875 0.441666666015625 0.3231481484375 0.441145833984375 0.341666666015625 0.442708333984375 0.35462962890625 0.466666666015625 0.3555555546875 0.474479166015625 0.35092592578125
0 0.446875 0.25092592578125 0.446875 0.246296296875 0.4421875 0.237037037109375 0.435416666015625 0.235185185546875 0.4328125 0.238888888671875 0.431770833984375 0.25 0.434375 0.25277777734375 0.443229166015625 0.25462962890625 0.446875 0.25092592578125
0 0.45625 0.209259259765625 0.452604166015625 0.211111111328125 0.452604166015625 0.221296296875 0.460416666015625 0.221296296875 0.458854166015625 0.212037037109375 0.45625 0.209259259765625
0 0.446875 0.22407407421875 0.442708333984375 0.2194444453125 0.438020833984375 0.2194444453125 0.435416666015625 0.221296296875 0.433333333984375 0.22962962890625 0.434375 0.235185185546875 0.444270833984375 0.235185185546875 0.446875 0.232407408203125 0.446875 0.22407407421875
0 0.4484375 0.1944444453125 0.4484375 0.206481482421875 0.4546875 0.206481482421875 0.454166666015625 0.1944444453125 0.4484375 0.1944444453125
0 0.434375 0.357407408203125 0.431770833984375 0.338888888671875 0.430729166015625 0.335185185546875 0.425 0.3305555546875 0.425 0.3231481484375 0.422916666015625 0.3194444453125 0.4078125 0.3194444453125 0.4 0.335185185546875 0.4 0.366666666015625 0.43125 0.366666666015625 0.433333333984375 0.363888888671875 0.434375 0.357407408203125
0 0.450520833984375 0.832407408203125 0.455208333984375 0.8444444453125 0.458854166015625 0.862037037109375 0.4625 0.866666666015625 0.4640625 0.87962962890625 0.470833333984375 0.888888888671875 0.470833333984375 0.893518517578125 0.475520833984375 0.90092592578125 0.48125 0.966666666015625 0.49375 0.984259259765625 0.494270833984375 0.993518517578125 0.517708333984375 0.9981481484375 0.600520833984375 0.9981481484375 0.625 0.987037037109375 0.625 0.9805555546875 0.619270833984375 0.9555555546875 0.6078125 0.92962962890625 0.605729166015625 0.9055555546875 0.599479166015625 0.882407408203125 0.592708333984375 0.87592592578125 0.583854166015625 0.87592592578125 0.575520833984375 0.8805555546875 0.5703125 0.888888888671875 0.565625 0.885185185546875 0.561458333984375 0.859259259765625 0.558333333984375 0.85 0.557291666015625 0.8305555546875 0.5546875 0.82592592578125 0.536979166015625 0.8231481484375 0.5296875 0.812037037109375 0.53125 0.80277777734375 0.5296875 0.7731481484375 0.523958333984375 0.7555555546875 0.521354166015625 0.75277777734375 0.510416666015625 0.75277777734375 0.5046875 0.7555555546875 0.497916666015625 0.764814814453125 0.4953125 0.761111111328125 0.495833333984375 0.75462962890625 0.498958333984375 0.7481481484375 0.499479166015625 0.738888888671875 0.497395833984375 0.7231481484375 0.494270833984375 0.714814814453125 0.444270833984375 0.7231481484375 0.441666666015625 0.7268518515625 0.441666666015625 0.741666666015625 0.444791666015625 0.762037037109375 0.442708333984375 0.764814814453125 0.43125 0.764814814453125 0.425 0.7731481484375 0.4234375 0.796296296875 0.426041666015625 0.82222222265625 0.43125 0.8305555546875 0.450520833984375 0.832407408203125
0 0.466666666015625 0.27777777734375 0.4625 0.271296296875 0.4546875 0.262037037109375 0.45 0.263888888671875 0.443229166015625 0.27592592578125 0.443229166015625 0.288888888671875 0.466666666015625 0.288888888671875 0.466666666015625 0.27777777734375
0 0.468229166015625 0.22777777734375 0.463541666015625 0.2231481484375 0.458854166015625 0.22592592578125 0.457291666015625 0.2305555546875 0.456770833984375 0.237037037109375 0.463020833984375 0.241666666015625 0.471354166015625 0.237037037109375 0.468229166015625 0.22777777734375
0 0.491145833984375 0.260185185546875 0.484895833984375 0.25092592578125 0.476041666015625 0.25092592578125 0.471354166015625 0.262037037109375 0.470833333984375 0.268518517578125 0.474479166015625 0.2731481484375 0.4921875 0.271296296875 0.491145833984375 0.260185185546875