0 0.31875 0.332407408203125 0.343229166015625 0.335185185546875 0.345833333984375 0.3305555546875 0.345833333984375 0.316666666015625 0.342708333984375 0.310185185546875 0.338020833984375 0.309259259765625 0.328125 0.3 0.314583333984375 0.3055555546875 0.3078125 0.314814814453125 0.306770833984375 0.328703703125 0.307291666015625 0.332407408203125 0.310416666015625 0.335185185546875 0.31875 0.332407408203125
0 0.299479166015625 0.316666666015625 0.283854166015625 0.30277777734375 0.278645833984375 0.30277777734375 0.2609375 0.313888888671875 0.2609375 0.335185185546875 0.298958333984375 0.335185185546875 0.3 0.332407408203125 0.299479166015625 0.316666666015625
0 0.18125 0.584259259765625 0.23125 0.584259259765625 0.244270833984375 0.587037037109375 0.247395833984375 0.582407408203125 0.246875 0.541666666015625 0.241145833984375 0.537037037109375 0.232291666015625 0.535185185546875 0.2296875 0.5305555546875 0.221875 0.5268518515625 0.219791666015625 0.512037037109375 0.206770833984375 0.510185185546875 0.2015625 0.50462962890625 0.1953125 0.512037037109375 0.180729166015625 0.512037037109375 0.178645833984375 0.516666666015625 0.1796875 0.537037037109375 0.177083333984375 0.5481481484375 0.1796875 0.5805555546875 0.18125 0.584259259765625
0 0.073958333984375 0.857407408203125 0.080729166015625 0.8555555546875 0.074479166015625 0.85462962890625 0.073958333984375 0.857407408203125
0 0.10625 0.859259259765625 0.108333333984375 0.8555555546875 0.103645833984375 0.85277777734375 0.101041666015625 0.843518517578125 0.094270833984375 0.8444444453125 0.093229166015625 0.85277777734375 0.091145833984375 0.8555555546875 0.092708333984375 0.857407408203125 0.10625 0.859259259765625
0 0.045833333984375 0.85462962890625 0.044791666015625 0.836111111328125 0.047395833984375 0.821296296875 0.047395833984375 0.816666666015625 0.0453125 0.812962962890625 0.046875 0.796296296875 0.043229166015625 0.787037037109375 0.0390625 0.788888888671875 0.0375 0.793518517578125 0.0359375 0.832407408203125 0.0359375 0.859259259765625 0.038541666015625 0.866666666015625 0.043229166015625 0.866666666015625 0.045833333984375 0.85462962890625
0 0.067708333984375 0.77407407421875 0.066145833984375 0.77592592578125 0.0671875 0.77777777734375 0.070833333984375 0.77592592578125 0.067708333984375 0.77407407421875
0 0.11875 0.757407408203125 0.111979166015625 0.757407408203125 0.103645833984375 0.763888888671875 0.094270833984375 0.762037037109375 0.090520833984375 0.763888888671875 0.090494791015625 0.766666666015625 0.0878125 0.763888888671875 0.0796875 0.763888888671875 0.09375 0.7694444453125 0.094270833984375 0.77962962890625 0.098958333984375 0.7805555546875 0.102604166015625 0.77777777734375 0.106770833984375 0.785185185546875 0.105729166015625 0.788888888671875 0.113541666015625 0.788888888671875 0.116666666015625 0.785185185546875 0.1203125 0.787037037109375 0.122916666015625 0.79907407421875 0.121354166015625 0.832407408203125 0.1265625 0.8444444453125 0.121354166015625 0.8555555546875 0.122916666015625 0.85277777734375 0.127083333984375 0.859259259765625 0.1484375 0.860185185546875 0.176041666015625 0.859259259765625 0.181770833984375 0.85462962890625 0.185416666015625 0.846296296875 0.1875 0.834259259765625 0.185416666015625 0.77407407421875 0.181770833984375 0.7694444453125 0.174479166015625 0.768518517578125 0.171875 0.763888888671875 0.1453125 0.759259259765625 0.140104166015625 0.746296296875 0.141666666015625 0.738888888671875 0.138541666015625 0.737962962890625 0.140104166015625 0.7305555546875 0.124479166015625 0.7305555546875 0.122395833984375 0.732407408203125 0.122395833984375 0.741666666015625 0.125520833984375 0.746296296875 0.11875 0.757407408203125
0 0.355729166015625 0.2731481484375 0.346354166015625 0.266666666015625 0.340625 0.266666666015625 0.333333333984375 0.271296296875 0.330208333984375 0.27777777734375 0.330729166015625 0.288888888671875 0.355729166015625 0.288888888671875 0.357291666015625 0.285185185546875 0.355729166015625 0.2731481484375
0 0.199479166015625 0.468518517578125 0.201041666015625 0.4555555546875 0.2 0.437037037109375 0.1921875 0.435185185546875 0.1875 0.4231481484375 0.18125 0.4231481484375 0.179166666015625 0.42777777734375 0.178125 0.45 0.180208333984375 0.464814814453125 0.186458333984375 0.468518517578125 0.199479166015625 0.468518517578125
0 0.468229166015625 0.962037037109375 0.466145833984375 0.95092592578125 0.452604166015625 0.946296296875 0.4375 0.946296296875 0.434895833984375 0.941666666015625 0.425 0.937037037109375 0.425 0.888888888671875 0.3921875 0.887037037109375 0.391145833984375 0.882407408203125 0.386979166015625 0.87777777734375 0.3703125 0.87777777734375 0.3671875 0.888888888671875 0.333854166015625 0.888888888671875 0.3328125 0.938888888671875 0.327083333984375 0.939814814453125 0.31875 0.946296296875 0.2953125 0.9481481484375 0.291666666015625 0.962037037109375 0.290625 0.9981481484375 0.469270833984375 0.9981481484375 0.469791666015625 0.993518517578125 0.468229166015625 0.962037037109375
0 0.266666666015625 0.3981481484375 0.266145833984375 0.37962962890625 0.256770833984375 0.37592592578125 0.2546875 0.363888888671875 0.233333333984375 0.362037037109375 0.230729166015625 0.364814814453125 0.229166666015625 0.37592592578125 0.21875 0.37777777734375 0.217708333984375 0.3805555546875 0.2171875 0.40277777734375 0.21875 0.4055555546875 0.261979166015625 0.40462962890625 0.266666666015625 0.3981481484375