0 0.6609375 0.388888888671875 0.667708333984375 0.396296296875 0.6734375 0.393518517578125 0.675 0.387037037109375 0.679166666015625 0.382407408203125 0.698958333984375 0.375 0.70625 0.363888888671875 0.71875 0.368518517578125 0.727083333984375 0.360185185546875 0.726041666015625 0.35277777734375 0.711979166015625 0.332407408203125 0.700520833984375 0.32777777734375 0.69375 0.3305555546875 0.691666666015625 0.338888888671875 0.683333333984375 0.339814814453125 0.66875 0.3555555546875 0.6609375 0.357407408203125 0.653645833984375 0.35277777734375 0.649479166015625 0.357407408203125 0.6484375 0.363888888671875 0.652083333984375 0.381481482421875 0.655208333984375 0.387037037109375 0.6609375 0.388888888671875
0 0.404166666015625 0.421296296875 0.408333333984375 0.435185185546875 0.415625 0.435185185546875 0.419791666015625 0.425 0.441666666015625 0.425 0.459895833984375 0.414814814453125 0.466145833984375 0.416666666015625 0.469270833984375 0.421296296875 0.491145833984375 0.416666666015625 0.491145833984375 0.40277777734375 0.485416666015625 0.385185185546875 0.481770833984375 0.382407408203125 0.465625 0.3805555546875 0.457291666015625 0.387037037109375 0.4515625 0.385185185546875 0.450520833984375 0.382407408203125 0.441666666015625 0.382407408203125 0.426041666015625 0.391666666015625 0.4203125 0.391666666015625 0.413541666015625 0.387037037109375 0.404166666015625 0.387037037109375 0.396354166015625 0.392592591796875 0.396354166015625 0.396296296875 0.4015625 0.40277777734375 0.398958333984375 0.413888888671875 0.404166666015625 0.421296296875
0 0.020833333984375 0.52592592578125 0.028125 0.52592592578125 0.043229166015625 0.512037037109375 0.0453125 0.489814814453125 0.040104166015625 0.475 0.035416666015625 0.471296296875 0.029166666015625 0.47777777734375 0.025 0.47592592578125 0.0140625 0.462037037109375 0.0046875 0.459259259765625 0.001041666015625 0.4481481484375 0 0.50092592578125 0.005729166015625 0.50277777734375 0.011979166015625 0.518518517578125 0.020833333984375 0.52592592578125
0 0.028645833984375 0.335185185546875 0.0375 0.339814814453125 0.044791666015625 0.338888888671875 0.044270833984375 0.312037037109375 0.042708333984375 0.30277777734375 0.039583333984375 0.296296296875 0.031770833984375 0.293518517578125 0.029166666015625 0.287037037109375 0.023958333984375 0.287037037109375 0.014583333984375 0.296296296875 0.0125 0.30277777734375 0.011458333984375 0.318518517578125 0.013541666015625 0.32962962890625 0.019791666015625 0.335185185546875 0.028645833984375 0.335185185546875
0 0.136979166015625 0.52962962890625 0.147916666015625 0.516666666015625 0.150520833984375 0.510185185546875 0.1515625 0.493518517578125 0.15 0.489814814453125 0.144270833984375 0.487037037109375 0.138020833984375 0.47592592578125 0.1328125 0.47592592578125 0.128645833984375 0.487037037109375 0.121354166015625 0.487962962890625 0.120833333984375 0.513888888671875 0.1234375 0.5305555546875 0.127083333984375 0.534259259765625 0.136979166015625 0.52962962890625
0 0.202083333984375 0.516666666015625 0.202083333984375 0.528703703125 0.205729166015625 0.535185185546875 0.211458333984375 0.535185185546875 0.218229166015625 0.5305555546875 0.255729166015625 0.5305555546875 0.265104166015625 0.52777777734375 0.270833333984375 0.537037037109375 0.274479166015625 0.538888888671875 0.289583333984375 0.538888888671875 0.293229166015625 0.537037037109375 0.298958333984375 0.5231481484375 0.2984375 0.4944444453125 0.288020833984375 0.493518517578125 0.282291666015625 0.485185185546875 0.277083333984375 0.485185185546875 0.274479166015625 0.492592591796875 0.269791666015625 0.496296296875 0.261979166015625 0.493518517578125 0.255729166015625 0.487037037109375 0.222916666015625 0.488888888671875 0.21875 0.482407408203125 0.206770833984375 0.4805555546875 0.203645833984375 0.4805555546875 0.2 0.485185185546875 0.198958333984375 0.4981481484375 0.194270833984375 0.50462962890625 0.194270833984375 0.508333333984375 0.202083333984375 0.516666666015625
0 0.2390625 0.45092592578125 0.244270833984375 0.45092592578125 0.247395833984375 0.446296296875 0.280729166015625 0.4481481484375 0.293229166015625 0.4444444453125 0.2953125 0.45277777734375 0.298958333984375 0.457407408203125 0.318229166015625 0.457407408203125 0.324479166015625 0.4444444453125 0.324479166015625 0.4194444453125 0.319270833984375 0.413888888671875 0.30625 0.410185185546875 0.295833333984375 0.418518517578125 0.292708333984375 0.410185185546875 0.285416666015625 0.407407408203125 0.248958333984375 0.407407408203125 0.241666666015625 0.40092592578125 0.236979166015625 0.40092592578125 0.233333333984375 0.412037037109375 0.232291666015625 0.4231481484375 0.238541666015625 0.4305555546875 0.236979166015625 0.4481481484375 0.2390625 0.45092592578125
0 0.529166666015625 0.468518517578125 0.536458333984375 0.468518517578125 0.5453125 0.4555555546875 0.560416666015625 0.45277777734375 0.5796875 0.438888888671875 0.597395833984375 0.441666666015625 0.605729166015625 0.438888888671875 0.608333333984375 0.432407408203125 0.607291666015625 0.4231481484375 0.603645833984375 0.414814814453125 0.592708333984375 0.4 0.5765625 0.4 0.570833333984375 0.410185185546875 0.558333333984375 0.410185185546875 0.534375 0.4305555546875 0.527604166015625 0.42962962890625 0.522916666015625 0.421296296875 0.514583333984375 0.42777777734375 0.513541666015625 0.435185185546875 0.520833333984375 0.460185185546875 0.525 0.466666666015625 0.529166666015625 0.468518517578125
0 0.165104166015625 0.40277777734375 0.181770833984375 0.421296296875 0.192708333984375 0.418518517578125 0.2 0.407407408203125 0.201041666015625 0.3944444453125 0.191145833984375 0.37777777734375 0.175520833984375 0.37777777734375 0.172916666015625 0.3731481484375 0.172916666015625 0.368518517578125 0.1609375 0.368518517578125 0.154166666015625 0.362037037109375 0.14375 0.362962962890625 0.133333333984375 0.3481481484375 0.130729166015625 0.3481481484375 0.1234375 0.364814814453125 0.123958333984375 0.3731481484375 0.133333333984375 0.37777777734375 0.151041666015625 0.396296296875 0.165104166015625 0.40277777734375
0 0.155208333984375 0.462037037109375 0.164583333984375 0.47777777734375 0.18125 0.47962962890625 0.191145833984375 0.466666666015625 0.19375 0.459259259765625 0.193229166015625 0.441666666015625 0.188541666015625 0.438888888671875 0.1796875 0.42592592578125 0.175520833984375 0.42777777734375 0.1734375 0.434259259765625 0.169270833984375 0.435185185546875 0.161979166015625 0.4231481484375 0.153645833984375 0.4231481484375 0.14375 0.416666666015625 0.133854166015625 0.416666666015625 0.131770833984375 0.413888888671875 0.124479166015625 0.415740740234375 0.1234375 0.438888888671875 0.127604166015625 0.45092592578125 0.144270833984375 0.460185185546875 0.155208333984375 0.462037037109375
0 0.373958333984375 0.17592592578125 0.377604166015625 0.17962962890625 0.3921875 0.17592592578125 0.3953125 0.162037037109375 0.394791666015625 0.15277777734375 0.3859375 0.139814814453125 0.365104166015625 0.132407408203125 0.3453125 0.135185185546875 0.341666666015625 0.138888888671875 0.3375 0.14907407421875 0.3375 0.162037037109375 0.34375 0.168518517578125 0.350520833984375 0.1731481484375 0.373958333984375 0.17592592578125
0 0.3421875 0.508333333984375 0.344270833984375 0.516666666015625 0.350520833984375 0.516666666015625 0.360416666015625 0.50092592578125 0.3890625 0.50277777734375 0.404166666015625 0.49537037109375 0.4140625 0.5055555546875 0.41875 0.50277777734375 0.430208333984375 0.50277777734375 0.433333333984375 0.4981481484375 0.435416666015625 0.485185185546875 0.434375 0.47407407421875 0.432291666015625 0.471296296875 0.430729166015625 0.462037037109375 0.425520833984375 0.459259259765625 0.418229166015625 0.460185185546875 0.4140625 0.4555555546875 0.408333333984375 0.4555555546875 0.405729166015625 0.463888888671875 0.402083333984375 0.466666666015625 0.391145833984375 0.460185185546875 0.3828125 0.460185185546875 0.371875 0.466666666015625 0.35625 0.4694444453125 0.3515625 0.466666666015625 0.349479166015625 0.462037037109375 0.3390625 0.462037037109375 0.3375 0.464814814453125 0.3375 0.47962962890625 0.334895833984375 0.488888888671875 0.341666666015625 0.4944444453125 0.3421875 0.508333333984375