0 0.5453125 0.5555555546875 0.552083333984375 0.543518517578125 0.5875 0.541666666015625 0.591666666015625 0.532407408203125 0.586979166015625 0.525 0.5859375 0.517592591796875 0.588020833984375 0.512037037109375 0.634375 0.512037037109375 0.634375 0.5055555546875 0.622916666015625 0.487037037109375 0.61875 0.484259259765625 0.616666666015625 0.488888888671875 0.6109375 0.487962962890625 0.609375 0.483333333984375 0.610416666015625 0.4731481484375 0.608333333984375 0.468518517578125 0.594270833984375 0.468518517578125 0.5890625 0.464814814453125 0.580729166015625 0.471296296875 0.5609375 0.4731481484375 0.558333333984375 0.4768518515625 0.559895833984375 0.487962962890625 0.5578125 0.50277777734375 0.541666666015625 0.50277777734375 0.538541666015625 0.5055555546875 0.538020833984375 0.511111111328125 0.538020833984375 0.553703703125 0.5421875 0.557407408203125 0.5453125 0.5555555546875
0 0.7125 0.782407408203125 0.717708333984375 0.787962962890625 0.719270833984375 0.793518517578125 0.7359375 0.793518517578125 0.739583333984375 0.789814814453125 0.80625 0.787037037109375 0.838541666015625 0.788888888671875 0.843229166015625 0.785185185546875 0.841145833984375 0.734259259765625 0.836458333984375 0.7194444453125 0.826041666015625 0.718518517578125 0.8234375 0.712037037109375 0.814583333984375 0.710185185546875 0.8125 0.7055555546875 0.8046875 0.7055555546875 0.803645833984375 0.709259259765625 0.799479166015625 0.712037037109375 0.796354166015625 0.710185185546875 0.794791666015625 0.706481482421875 0.793229166015625 0.6731481484375 0.778645833984375 0.671296296875 0.776041666015625 0.667592591796875 0.776041666015625 0.663888888671875 0.772395833984375 0.662037037109375 0.766666666015625 0.663888888671875 0.761979166015625 0.67592592578125 0.746614583984375 0.67777777734375 0.74375 0.682407408203125 0.743229166015625 0.67592592578125 0.730729166015625 0.67777777734375 0.730208333984375 0.715740740234375 0.708333333984375 0.714814814453125 0.7046875 0.7194444453125 0.702604166015625 0.72777777734375 0.702604166015625 0.77592592578125 0.70625 0.784259259765625 0.709895833984375 0.785185185546875 0.7125 0.782407408203125
0 0.7046875 0.668518517578125 0.7265625 0.668518517578125 0.733333333984375 0.664814814453125 0.740104166015625 0.666666666015625 0.75625 0.663888888671875 0.7578125 0.666666666015625 0.761979166015625 0.660185185546875 0.790625 0.663888888671875 0.792708333984375 0.657407408203125 0.7921875 0.632407408203125 0.7890625 0.612037037109375 0.781770833984375 0.596296296875 0.761458333984375 0.596296296875 0.759375 0.591666666015625 0.759375 0.568518517578125 0.757291666015625 0.564814814453125 0.740104166015625 0.563888888671875 0.7375 0.559259259765625 0.730729166015625 0.559259259765625 0.724479166015625 0.566666666015625 0.705729166015625 0.566666666015625 0.702604166015625 0.571296296875 0.703645833984375 0.5944444453125 0.701041666015625 0.6 0.68125 0.60092592578125 0.6796875 0.606481482421875 0.679166666015625 0.65 0.6875 0.6731481484375 0.695833333984375 0.6731481484375 0.7046875 0.668518517578125
0 0.3484375 0.5694444453125 0.349479166015625 0.563888888671875 0.359375 0.5518518515625 0.361979166015625 0.543518517578125 0.366145833984375 0.541666666015625 0.370833333984375 0.55277777734375 0.378645833984375 0.557407408203125 0.3828125 0.571296296875 0.388020833984375 0.571296296875 0.3921875 0.563888888671875 0.396875 0.563888888671875 0.400520833984375 0.5731481484375 0.40625 0.57592592578125 0.4109375 0.57407407421875 0.417708333984375 0.587037037109375 0.431770833984375 0.587037037109375 0.435416666015625 0.582407408203125 0.435416666015625 0.562037037109375 0.430729166015625 0.535185185546875 0.425 0.5305555546875 0.41875 0.5305555546875 0.415625 0.5231481484375 0.40625 0.512037037109375 0.4078125 0.496296296875 0.405729166015625 0.488888888671875 0.3890625 0.488888888671875 0.386979166015625 0.485185185546875 0.380729166015625 0.484259259765625 0.374479166015625 0.489814814453125 0.3578125 0.489814814453125 0.355729166015625 0.491666666015625 0.355729166015625 0.517592591796875 0.354166666015625 0.521296296875 0.3390625 0.521296296875 0.335416666015625 0.52592592578125 0.334895833984375 0.558333333984375 0.3390625 0.568518517578125 0.342708333984375 0.571296296875 0.3484375 0.5694444453125
0 0.433333333984375 0.538888888671875 0.435416666015625 0.55462962890625 0.4375 0.557407408203125 0.4984375 0.5555555546875 0.505729166015625 0.55277777734375 0.50625 0.521296296875 0.5015625 0.488888888671875 0.498958333984375 0.485185185546875 0.48125 0.485185185546875 0.480208333984375 0.464814814453125 0.4765625 0.460185185546875 0.43125 0.462037037109375 0.430208333984375 0.488888888671875 0.4140625 0.488888888671875 0.4109375 0.491666666015625 0.4109375 0.515740740234375 0.4203125 0.52777777734375 0.430208333984375 0.5305555546875 0.433333333984375 0.538888888671875
0 0.542708333984375 0.80092592578125 0.5390625 0.787037037109375 0.535416666015625 0.788888888671875 0.534895833984375 0.80277777734375 0.536458333984375 0.8055555546875 0.5421875 0.80462962890625 0.542708333984375 0.80092592578125
0 0.542708333984375 0.77407407421875 0.543229166015625 0.766666666015625 0.5421875 0.767592591796875 0.542708333984375 0.77407407421875
0 0.534895833984375 0.759259259765625 0.5359375 0.7518518515625 0.539583333984375 0.75092592578125 0.5375 0.74537037109375 0.539583333984375 0.737037037109375 0.553645833984375 0.735185185546875 0.5625 0.739814814453125 0.5796875 0.738888888671875 0.582291666015625 0.734259259765625 0.5828125 0.721296296875 0.591666666015625 0.707407408203125 0.592708333984375 0.69907407421875 0.597395833984375 0.693518517578125 0.609375 0.69537037109375 0.6109375 0.709259259765625 0.616666666015625 0.714814814453125 0.61875 0.7231481484375 0.6265625 0.732407408203125 0.6375 0.732407408203125 0.634895833984375 0.710185185546875 0.6265625 0.6944444453125 0.6125 0.6944444453125 0.609375 0.687037037109375 0.603645833984375 0.684259259765625 0.6015625 0.6805555546875 0.6015625 0.663888888671875 0.6 0.659259259765625 0.580208333984375 0.657407408203125 0.5765625 0.65092592578125 0.567708333984375 0.65092592578125 0.566145833984375 0.657407408203125 0.5625 0.660185185546875 0.5375 0.660185185546875 0.536458333984375 0.663888888671875 0.538020833984375 0.686111111328125 0.5359375 0.6981481484375 0.533333333984375 0.70092592578125 0.5171875 0.69907407421875 0.5140625 0.70092592578125 0.5125 0.7055555546875 0.511979166015625 0.756481482421875 0.514583333984375 0.768518517578125 0.519270833984375 0.77777777734375 0.53125 0.77592592578125 0.5328125 0.762037037109375 0.534895833984375 0.759259259765625
0 0.415625 0.634259259765625 0.416666666015625 0.610185185546875 0.416145833984375 0.588888888671875 0.414583333984375 0.582407408203125 0.4078125 0.57592592578125 0.397395833984375 0.5731481484375 0.39375 0.563888888671875 0.386979166015625 0.5694444453125 0.3828125 0.5694444453125 0.380729166015625 0.559259259765625 0.377083333984375 0.55277777734375 0.370833333984375 0.55092592578125 0.369270833984375 0.5444444453125 0.366145833984375 0.541666666015625 0.3625 0.541666666015625 0.358854166015625 0.55092592578125 0.349479166015625 0.560185185546875 0.345833333984375 0.568518517578125 0.336979166015625 0.566666666015625 0.317708333984375 0.5694444453125 0.314583333984375 0.585185185546875 0.3140625 0.634259259765625 0.317708333984375 0.639814814453125 0.4078125 0.637037037109375 0.415625 0.634259259765625
0 0.434895833984375 0.3981481484375 0.4421875 0.393518517578125 0.444270833984375 0.386111111328125 0.448958333984375 0.3805555546875 0.458854166015625 0.393518517578125 0.478645833984375 0.396296296875 0.484375 0.388888888671875 0.486458333984375 0.3694444453125 0.484375 0.3444444453125 0.478645833984375 0.335185185546875 0.46875 0.335185185546875 0.466666666015625 0.332407408203125 0.466666666015625 0.313888888671875 0.463020833984375 0.3055555546875 0.423958333984375 0.307407408203125 0.420833333984375 0.313888888671875 0.422916666015625 0.334259259765625 0.420833333984375 0.337037037109375 0.40625 0.337037037109375 0.403645833984375 0.339814814453125 0.400520833984375 0.358333333984375 0.4 0.387037037109375 0.400520833984375 0.392592591796875 0.403645833984375 0.3981481484375 0.434895833984375 0.3981481484375
0 0.400520833984375 0.337037037109375 0.410416666015625 0.332407408203125 0.413541666015625 0.313888888671875 0.411979166015625 0.2805555546875 0.397395833984375 0.2805555546875 0.3953125 0.27777777734375 0.39375 0.25092592578125 0.353645833984375 0.25277777734375 0.3515625 0.256481482421875 0.3515625 0.267592591796875 0.354166666015625 0.282407408203125 0.336458333984375 0.282407408203125 0.333854166015625 0.287037037109375 0.331770833984375 0.2981481484375 0.33125 0.341666666015625 0.333854166015625 0.343518517578125 0.397395833984375 0.341666666015625 0.400520833984375 0.337037037109375
0 0.446354166015625 0.64907407421875 0.4484375 0.675 0.452604166015625 0.67777777734375 0.466666666015625 0.67777777734375 0.475520833984375 0.687037037109375 0.525 0.685185185546875 0.53125 0.684259259765625 0.533333333984375 0.67962962890625 0.532291666015625 0.637037037109375 0.529166666015625 0.6231481484375 0.520833333984375 0.618518517578125 0.517708333984375 0.613888888671875 0.505208333984375 0.610185185546875 0.503125 0.60462962890625 0.501041666015625 0.5805555546875 0.4859375 0.5805555546875 0.4796875 0.57407407421875 0.474479166015625 0.5731481484375 0.4671875 0.582407408203125 0.448958333984375 0.584259259765625 0.445833333984375 0.591666666015625 0.445833333984375 0.609259259765625 0.44375 0.616666666015625 0.428645833984375 0.616666666015625 0.4234375 0.621296296875 0.424479166015625 0.643518517578125 0.4296875 0.646296296875 0.44375 0.646296296875 0.446354166015625 0.64907407421875
0 0.605208333984375 0.466666666015625 0.610416666015625 0.4731481484375 0.608333333984375 0.4805555546875 0.610416666015625 0.487037037109375 0.618229166015625 0.491666666015625 0.623958333984375 0.491666666015625 0.63125 0.50092592578125 0.632291666015625 0.507407408203125 0.640104166015625 0.510185185546875 0.644791666015625 0.516666666015625 0.675 0.516666666015625 0.678645833984375 0.513888888671875 0.675 0.463888888671875 0.671875 0.460185185546875 0.665625 0.460185185546875 0.6625 0.4555555546875 0.6609375 0.4481481484375 0.643229166015625 0.4481481484375 0.638541666015625 0.437962962890625 0.6390625 0.42777777734375 0.636458333984375 0.421296296875 0.592708333984375 0.421296296875 0.589583333984375 0.4305555546875 0.591666666015625 0.4555555546875 0.586458333984375 0.45277777734375 0.5765625 0.45277777734375 0.572916666015625 0.4555555546875 0.571875 0.468518517578125 0.575 0.471296296875 0.5859375 0.466666666015625 0.605208333984375 0.466666666015625
0 0.501041666015625 0.22592592578125 0.503645833984375 0.2231481484375 0.503645833984375 0.193518517578125 0.499479166015625 0.1694444453125 0.497916666015625 0.166666666015625 0.484375 0.166666666015625 0.4828125 0.162962962890625 0.482291666015625 0.146296296875 0.480729166015625 0.143518517578125 0.443229166015625 0.146296296875 0.443229166015625 0.163888888671875 0.441666666015625 0.168518517578125 0.430729166015625 0.1694444453125 0.4265625 0.1731481484375 0.4265625 0.210185185546875 0.43125 0.22777777734375 0.475520833984375 0.22777777734375 0.501041666015625 0.22592592578125
0 0.597395833984375 0.55277777734375 0.599479166015625 0.55277777734375 0.5984375 0.55 0.597395833984375 0.55277777734375
0 0.536458333984375 0.6481481484375 0.565625 0.646296296875 0.567708333984375 0.643518517578125 0.575 0.646296296875 0.616666666015625 0.6481481484375 0.622395833984375 0.643518517578125 0.630208333984375 0.6194444453125 0.627083333984375 0.609259259765625 0.628645833984375 0.60277777734375 0.628125 0.5944444453125 0.6234375 0.5805555546875 0.618229166015625 0.57777777734375 0.608333333984375 0.57962962890625 0.6046875 0.575 0.604166666015625 0.57592592578125 0.59375 0.5731481484375 0.5859375 0.562962962890625 0.586979166015625 0.546296296875 0.577604166015625 0.546296296875 0.56875 0.55092592578125 0.564583333984375 0.562037037109375 0.5546875 0.57407407421875 0.553645833984375 0.57962962890625 0.5375 0.57777777734375 0.529166666015625 0.5805555546875 0.527083333984375 0.588888888671875 0.521354166015625 0.5944444453125 0.519791666015625 0.6018518515625 0.519791666015625 0.612962962890625 0.530729166015625 0.6231481484375 0.536458333984375 0.6481481484375
0 0.541145833984375 0.785185185546875 0.544791666015625 0.812037037109375 0.549479166015625 0.816666666015625 0.566666666015625 0.813888888671875 0.569270833984375 0.810185185546875 0.618229166015625 0.812037037109375 0.647916666015625 0.809259259765625 0.6515625 0.812037037109375 0.6671875 0.812037037109375 0.672916666015625 0.8055555546875 0.670833333984375 0.7555555546875 0.668229166015625 0.741666666015625 0.6578125 0.737037037109375 0.642708333984375 0.738888888671875 0.6375 0.732407408203125 0.624479166015625 0.7305555546875 0.6171875 0.7231481484375 0.611979166015625 0.712962962890625 0.610416666015625 0.706481482421875 0.611979166015625 0.696296296875 0.610416666015625 0.6944444453125 0.601041666015625 0.693518517578125 0.592708333984375 0.6981481484375 0.580729166015625 0.738888888671875 0.563541666015625 0.741666666015625 0.556770833984375 0.737037037109375 0.540625 0.737037037109375 0.538020833984375 0.739814814453125 0.538020833984375 0.75 0.532291666015625 0.766666666015625 0.532291666015625 0.785185185546875 0.5375 0.785185185546875 0.538541666015625 0.782407408203125 0.541145833984375 0.785185185546875
0 0.544791666015625 0.55277777734375 0.546875 0.565740740234375 0.55 0.571296296875 0.556770833984375 0.566666666015625 0.557291666015625 0.559259259765625 0.563020833984375 0.55092592578125 0.5625 0.541666666015625 0.566666666015625 0.543518517578125 0.567708333984375 0.55092592578125 0.571875 0.5444444453125 0.580208333984375 0.543518517578125 0.582291666015625 0.538888888671875 0.583333333984375 0.543518517578125 0.594791666015625 0.546296296875 0.600520833984375 0.55277777734375 0.6 0.5555555546875 0.590104166015625 0.560185185546875 0.589583333984375 0.563888888671875 0.592708333984375 0.559259259765625 0.594791666015625 0.566666666015625 0.603125 0.5694444453125 0.609895833984375 0.57777777734375 0.621354166015625 0.57777777734375 0.625520833984375 0.582407408203125 0.630729166015625 0.5981481484375 0.6296875 0.613888888671875 0.670833333984375 0.612037037109375 0.6734375 0.607407408203125 0.671875 0.563888888671875 0.6703125 0.557407408203125 0.668229166015625 0.55277777734375 0.664583333984375 0.55092592578125 0.6625 0.543518517578125 0.659375 0.539814814453125 0.645833333984375 0.541666666015625 0.643229166015625 0.537037037109375 0.640104166015625 0.514814814453125 0.636458333984375 0.510185185546875 0.619270833984375 0.510185185546875 0.613541666015625 0.513888888671875 0.5890625 0.512037037109375 0.584635416015625 0.513888888671875 0.581770833984375 0.5194444453125 0.58125 0.513888888671875 0.5796875 0.538888888671875 0.574479166015625 0.538888888671875 0.5734375 0.541666666015625 0.5671875 0.543518517578125 0.558333333984375 0.537037037109375 0.563541666015625 0.521296296875 0.558854166015625 0.514814814453125 0.559895833984375 0.512037037109375 0.5578125 0.507407408203125 0.550520833984375 0.5055555546875 0.5515625 0.509259259765625 0.5484375 0.511111111328125 0.548958333984375 0.518518517578125 0.545833333984375 0.52962962890625 0.543229166015625 0.52962962890625 0.539583333984375 0.521296296875 0.5390625 0.543518517578125 0.5453125 0.537037037109375 0.55 0.541666666015625 0.544791666015625 0.55277777734375
0 0.4875 0.346296296875 0.552604166015625 0.346296296875 0.556770833984375 0.339814814453125 0.555729166015625 0.30092592578125 0.552604166015625 0.296296296875 0.549479166015625 0.284259259765625 0.531770833984375 0.284259259765625 0.53125 0.262037037109375 0.527083333984375 0.257407408203125 0.511979166015625 0.2555555546875 0.50625 0.260185185546875 0.490104166015625 0.260185185546875 0.488020833984375 0.263888888671875 0.4890625 0.284259259765625 0.4875 0.287037037109375 0.473958333984375 0.287037037109375 0.470833333984375 0.292592591796875 0.470833333984375 0.32777777734375 0.474479166015625 0.332407408203125 0.482291666015625 0.335185185546875 0.4875 0.346296296875
0 0.641666666015625 0.4305555546875 0.65625 0.42777777734375 0.6875 0.42777777734375 0.6890625 0.425 0.6875 0.382407408203125 0.6859375 0.37592592578125 0.6828125 0.37222222265625 0.680729166015625 0.363888888671875 0.6640625 0.363888888671875 0.6625 0.360185185546875 0.661458333984375 0.338888888671875 0.646354166015625 0.338888888671875 0.64375 0.335185185546875 0.638020833984375 0.335185185546875 0.634895833984375 0.338888888671875 0.616666666015625 0.341666666015625 0.616666666015625 0.363888888671875 0.615104166015625 0.366666666015625 0.6 0.366666666015625 0.597395833984375 0.3731481484375 0.597916666015625 0.412037037109375 0.603125 0.418518517578125 0.634895833984375 0.4194444453125 0.641666666015625 0.4305555546875
0 0.6640625 0.2944444453125 0.6640625 0.264814814453125 0.659895833984375 0.239814814453125 0.657291666015625 0.237037037109375 0.643229166015625 0.237962962890625 0.641666666015625 0.233333333984375 0.641666666015625 0.2194444453125 0.639583333984375 0.213888888671875 0.618229166015625 0.212037037109375 0.615625 0.214814814453125 0.601041666015625 0.216666666015625 0.598958333984375 0.237037037109375 0.586458333984375 0.238888888671875 0.582291666015625 0.242592591796875 0.581770833984375 0.2768518515625 0.584895833984375 0.29537037109375 0.588020833984375 0.30092592578125 0.6640625 0.2944444453125
0 0.434375 0.460185185546875 0.455729166015625 0.457407408203125 0.473958333984375 0.457407408203125 0.478125 0.460185185546875 0.480729166015625 0.466666666015625 0.488020833984375 0.466666666015625 0.491145833984375 0.462037037109375 0.4921875 0.45462962890625 0.497916666015625 0.4481481484375 0.4984375 0.414814814453125 0.497395833984375 0.407407408203125 0.491145833984375 0.40092592578125 0.4640625 0.3981481484375 0.449479166015625 0.37777777734375 0.4453125 0.3805555546875 0.443229166015625 0.392592591796875 0.438020833984375 0.3981481484375 0.428645833984375 0.40462962890625 0.4234375 0.40277777734375 0.4125 0.4055555546875 0.401041666015625 0.4305555546875 0.400520833984375 0.463888888671875 0.403645833984375 0.471296296875 0.426041666015625 0.4694444453125 0.434375 0.460185185546875
0 0.377083333984375 0.7555555546875 0.411979166015625 0.757407408203125 0.4296875 0.75277777734375 0.4671875 0.7555555546875 0.472395833984375 0.7481481484375 0.473958333984375 0.737037037109375 0.472395833984375 0.688888888671875 0.46875 0.682407408203125 0.464583333984375 0.6805555546875 0.447916666015625 0.682407408203125 0.44375 0.67962962890625 0.4421875 0.6731481484375 0.444791666015625 0.666666666015625 0.4453125 0.65277777734375 0.443229166015625 0.6481481484375 0.41875 0.6481481484375 0.417708333984375 0.643518517578125 0.4140625 0.641666666015625 0.4109375 0.6481481484375 0.388020833984375 0.64907407421875 0.3859375 0.653703703125 0.384895833984375 0.67777777734375 0.3625 0.685185185546875 0.35625 0.7018518515625 0.355729166015625 0.75462962890625 0.358333333984375 0.760185185546875 0.3734375 0.759259259765625 0.377083333984375 0.7555555546875