0 0.389814814453125 0.307291666015625 0.40092592578125 0.306770833984375 0.403703703125 0.301041666015625 0.417592591796875 0.29375 0.417592591796875 0.2890625 0.410185185546875 0.286458333984375 0.408333333984375 0.281770833984375 0.42592592578125 0.272395833984375 0.428703703125 0.2625 0.440740740234375 0.25 0.4444444453125 0.248958333984375 0.4518518515625 0.2328125 0.437962962890625 0.225 0.436111111328125 0.221354166015625 0.4268518515625 0.223958333984375 0.412962962890625 0.222916666015625 0.4 0.2265625 0.39907407421875 0.240104166015625 0.383333333984375 0.2578125 0.383333333984375 0.269270833984375 0.3694444453125 0.275 0.362962962890625 0.286979166015625 0.365740740234375 0.293229166015625 0.3694444453125 0.294270833984375 0.37407407421875 0.3 0.389814814453125 0.307291666015625
0 0.387037037109375 0.675520833984375 0.39907407421875 0.6734375 0.403703703125 0.668229166015625 0.4018518515625 0.6625 0.408333333984375 0.657291666015625 0.408333333984375 0.652083333984375 0.39537037109375 0.647395833984375 0.39537037109375 0.64375 0.403703703125 0.638541666015625 0.403703703125 0.625520833984375 0.3944444453125 0.606770833984375 0.3944444453125 0.6 0.4055555546875 0.591666666015625 0.4055555546875 0.588020833984375 0.4018518515625 0.584895833984375 0.39722222265625 0.583854166015625 0.3768518515625 0.5859375 0.353703703125 0.594270833984375 0.3518518515625 0.597916666015625 0.353703703125 0.604166666015625 0.360185185546875 0.608333333984375 0.361111111328125 0.6421875 0.367592591796875 0.65 0.358333333984375 0.658333333984375 0.3555555546875 0.6671875 0.361111111328125 0.670833333984375 0.362962962890625 0.6796875 0.378703703125 0.679166666015625 0.387037037109375 0.675520833984375
0 0.442592591796875 0.4015625 0.4555555546875 0.4 0.458333333984375 0.39375 0.467592591796875 0.386979166015625 0.462962962890625 0.375520833984375 0.4694444453125 0.369791666015625 0.47407407421875 0.355729166015625 0.4805555546875 0.348958333984375 0.487962962890625 0.332291666015625 0.4944444453125 0.329166666015625 0.4944444453125 0.323958333984375 0.483333333984375 0.318229166015625 0.4805555546875 0.313020833984375 0.47222222265625 0.313541666015625 0.465740740234375 0.317708333984375 0.45277777734375 0.3171875 0.44537037109375 0.3203125 0.44537037109375 0.335416666015625 0.436111111328125 0.348958333984375 0.437962962890625 0.366145833984375 0.435185185546875 0.368229166015625 0.42962962890625 0.36875 0.42407407421875 0.372916666015625 0.4194444453125 0.384375 0.4194444453125 0.3890625 0.42407407421875 0.39375 0.442592591796875 0.4015625
0 0.8268518515625 0.039583333984375 0.808333333984375 0.044270833984375 0.803703703125 0.0484375 0.803703703125 0.055729166015625 0.811111111328125 0.066666666015625 0.8194444453125 0.068229166015625 0.831481482421875 0.061458333984375 0.839814814453125 0.060416666015625 0.842592591796875 0.055729166015625 0.84907407421875 0.053645833984375 0.84722222265625 0.047395833984375 0.833333333984375 0.039583333984375 0.8268518515625 0.039583333984375
0 0.6018518515625 0.102083333984375 0.603703703125 0.095833333984375 0.608333333984375 0.094791666015625 0.611111111328125 0.091666666015625 0.6018518515625 0.0796875 0.592592591796875 0.079166666015625 0.587037037109375 0.076041666015625 0.57407407421875 0.0765625 0.564814814453125 0.085416666015625 0.528703703125 0.094791666015625 0.5268518515625 0.1015625 0.540740740234375 0.122395833984375 0.54907407421875 0.1234375 0.5555555546875 0.1203125 0.564814814453125 0.11875 0.5694444453125 0.113020833984375 0.57777777734375 0.109895833984375 0.582407408203125 0.105729166015625 0.6018518515625 0.102083333984375
0 0.7944444453125 0.00625 0.771296296875 0.011458333984375 0.77222222265625 0.025 0.7805555546875 0.030729166015625 0.789814814453125 0.032291666015625 0.8018518515625 0.03125 0.812962962890625 0.025 0.812962962890625 0.016666666015625 0.817592591796875 0.011979166015625 0.812037037109375 0.0109375 0.806481482421875 0.00625 0.7944444453125 0.00625
0 0.696296296875 0.094270833984375 0.692592591796875 0.1015625 0.665740740234375 0.108333333984375 0.665740740234375 0.115625 0.67407407421875 0.130208333984375 0.6768518515625 0.13125 0.6944444453125 0.130208333984375 0.7055555546875 0.1203125 0.7231481484375 0.1171875 0.72407407421875 0.111979166015625 0.728703703125 0.1109375 0.728703703125 0.102604166015625 0.714814814453125 0.094270833984375 0.696296296875 0.094270833984375
0 0.764814814453125 0.036458333984375 0.767592591796875 0.05 0.77222222265625 0.055729166015625 0.787962962890625 0.055208333984375 0.812962962890625 0.0421875 0.812962962890625 0.0375 0.803703703125 0.031770833984375 0.789814814453125 0.03125 0.786111111328125 0.0328125 0.77407407421875 0.033333333984375 0.764814814453125 0.036458333984375
0 0.4555555546875 0.291145833984375 0.468518517578125 0.2828125 0.47592592578125 0.280729166015625 0.478703703125 0.275520833984375 0.47222222265625 0.272395833984375 0.47222222265625 0.26875 0.487962962890625 0.260416666015625 0.489814814453125 0.251041666015625 0.4944444453125 0.245833333984375 0.506481482421875 0.2421875 0.508333333984375 0.234895833984375 0.514814814453125 0.23125 0.514814814453125 0.2265625 0.506481482421875 0.221354166015625 0.503703703125 0.216666666015625 0.5 0.214583333984375 0.492592591796875 0.216666666015625 0.486111111328125 0.214583333984375 0.478703703125 0.214583333984375 0.4694444453125 0.2171875 0.467592591796875 0.228645833984375 0.45 0.24375 0.4444444453125 0.2546875 0.437037037109375 0.257291666015625 0.431481482421875 0.263020833984375 0.428703703125 0.272395833984375 0.439814814453125 0.284895833984375 0.45 0.291145833984375 0.4555555546875 0.291145833984375
0 0.540740740234375 0.1828125 0.5518518515625 0.178645833984375 0.553703703125 0.170833333984375 0.557407408203125 0.16875 0.57222222265625 0.166145833984375 0.57222222265625 0.160416666015625 0.581481482421875 0.155208333984375 0.5768518515625 0.144791666015625 0.57222222265625 0.141666666015625 0.562962962890625 0.141145833984375 0.5555555546875 0.138541666015625 0.540740740234375 0.139583333984375 0.536111111328125 0.15 0.5194444453125 0.157291666015625 0.515740740234375 0.161979166015625 0.503703703125 0.1640625 0.49722222265625 0.168229166015625 0.49537037109375 0.171875 0.49907407421875 0.180208333984375 0.508333333984375 0.1921875 0.515740740234375 0.196354166015625 0.537962962890625 0.189583333984375 0.540740740234375 0.1828125
0 0.587962962890625 0.2125 0.592592591796875 0.209895833984375 0.603703703125 0.2078125 0.606481482421875 0.205729166015625 0.606481482421875 0.201041666015625 0.612962962890625 0.1984375 0.614814814453125 0.1953125 0.603703703125 0.1828125 0.588888888671875 0.18125 0.575 0.1828125 0.57222222265625 0.184895833984375 0.57222222265625 0.193229166015625 0.567592591796875 0.194270833984375 0.5518518515625 0.205729166015625 0.536111111328125 0.213541666015625 0.536111111328125 0.223958333984375 0.5444444453125 0.235416666015625 0.553703703125 0.241145833984375 0.57407407421875 0.234375 0.57407407421875 0.2265625 0.583333333984375 0.222395833984375 0.587962962890625 0.2125
0 0.764814814453125 0.0671875 0.761111111328125 0.064583333984375 0.7518518515625 0.064583333984375 0.74722222265625 0.066145833984375 0.7444444453125 0.070833333984375 0.72222222265625 0.076041666015625 0.7268518515625 0.0921875 0.736111111328125 0.097916666015625 0.7444444453125 0.095833333984375 0.758333333984375 0.088020833984375 0.768518517578125 0.086458333984375 0.77037037109375 0.082291666015625 0.7768518515625 0.080208333984375 0.778703703125 0.076041666015625 0.77592592578125 0.069791666015625 0.764814814453125 0.0671875
0 0.656481482421875 0.0671875 0.665740740234375 0.08125 0.67222222265625 0.082291666015625 0.683333333984375 0.080729166015625 0.69537037109375 0.0734375 0.710185185546875 0.069791666015625 0.7194444453125 0.061458333984375 0.717592591796875 0.0515625 0.712962962890625 0.049479166015625 0.6944444453125 0.046875 0.658333333984375 0.056770833984375 0.656481482421875 0.0671875
0 0.378703703125 0.53125 0.406481482421875 0.53125 0.413888888671875 0.5203125 0.42407407421875 0.517708333984375 0.42407407421875 0.5140625 0.415740740234375 0.509375 0.411111111328125 0.503645833984375 0.412962962890625 0.497916666015625 0.42222222265625 0.493229166015625 0.42407407421875 0.463020833984375 0.433333333984375 0.452604166015625 0.433333333984375 0.441666666015625 0.412037037109375 0.436458333984375 0.406481482421875 0.441145833984375 0.389814814453125 0.441666666015625 0.381481482421875 0.44375 0.381481482421875 0.447916666015625 0.387962962890625 0.454166666015625 0.383333333984375 0.472916666015625 0.383333333984375 0.5 0.3805555546875 0.503645833984375 0.3694444453125 0.50625 0.3694444453125 0.516666666015625 0.365740740234375 0.520833333984375 0.365740740234375 0.526041666015625 0.378703703125 0.53125
0 0.5305555546875 0.95625 0.514814814453125 0.9453125 0.52222222265625 0.938541666015625 0.52037037109375 0.933333333984375 0.515740740234375 0.930729166015625 0.503703703125 0.93125 0.486111111328125 0.9453125 0.487962962890625 0.955208333984375 0.492592591796875 0.9578125 0.5018518515625 0.975 0.508333333984375 0.9796875 0.5018518515625 0.9921875 0.514814814453125 0.997395833984375 0.5194444453125 0.996354166015625 0.539814814453125 0.977083333984375 0.539814814453125 0.966666666015625 0.533333333984375 0.961979166015625 0.5305555546875 0.95625
0 0.803703703125 0.094270833984375 0.817592591796875 0.09375 0.836111111328125 0.085416666015625 0.842592591796875 0.0796875 0.839814814453125 0.069270833984375 0.817592591796875 0.06875 0.809259259765625 0.072395833984375 0.79537037109375 0.075 0.79722222265625 0.086979166015625 0.803703703125 0.094270833984375
0 0.3268518515625 0.45625 0.3268518515625 0.4625 0.3444444453125 0.4703125 0.356481482421875 0.472395833984375 0.367592591796875 0.471354166015625 0.37222222265625 0.46875 0.37222222265625 0.461458333984375 0.383333333984375 0.453645833984375 0.375 0.441145833984375 0.387962962890625 0.428645833984375 0.386111111328125 0.41875 0.389814814453125 0.415625 0.389814814453125 0.4 0.39907407421875 0.3953125 0.403703703125 0.3859375 0.4018518515625 0.3796875 0.392592591796875 0.377604166015625 0.384259259765625 0.371875 0.381481482421875 0.371875 0.3694444453125 0.377604166015625 0.361111111328125 0.376041666015625 0.3518518515625 0.377604166015625 0.34722222265625 0.381770833984375 0.34722222265625 0.3875 0.353703703125 0.393229166015625 0.3444444453125 0.413020833984375 0.3444444453125 0.429166666015625 0.34722222265625 0.436979166015625 0.336111111328125 0.444791666015625 0.3268518515625 0.45625
0 0.4805555546875 0.16875 0.483333333984375 0.158854166015625 0.488888888671875 0.15625 0.503703703125 0.1546875 0.503703703125 0.150520833984375 0.511111111328125 0.144270833984375 0.511111111328125 0.1375 0.49907407421875 0.127604166015625 0.47407407421875 0.126041666015625 0.465740740234375 0.129166666015625 0.465740740234375 0.136979166015625 0.44907407421875 0.147395833984375 0.44537037109375 0.1546875 0.431481482421875 0.157291666015625 0.42222222265625 0.165104166015625 0.42222222265625 0.1734375 0.442592591796875 0.192708333984375 0.44907407421875 0.192708333984375 0.465740740234375 0.185416666015625 0.4694444453125 0.181770833984375 0.467592591796875 0.1765625 0.4805555546875 0.16875
0 0.62407407421875 0.147916666015625 0.635185185546875 0.1421875 0.637962962890625 0.138541666015625 0.653703703125 0.136979166015625 0.653703703125 0.131770833984375 0.658333333984375 0.1296875 0.660185185546875 0.125 0.656481482421875 0.1171875 0.6518518515625 0.114583333984375 0.6444444453125 0.1140625 0.640740740234375 0.111979166015625 0.62407407421875 0.111979166015625 0.62222222265625 0.119270833984375 0.612962962890625 0.124479166015625 0.603703703125 0.126041666015625 0.59907407421875 0.129166666015625 0.587962962890625 0.132291666015625 0.587962962890625 0.139583333984375 0.592592591796875 0.148958333984375 0.6018518515625 0.1578125 0.62037037109375 0.1546875 0.62407407421875 0.1515625 0.62407407421875 0.147916666015625
0 0.436111111328125 0.797916666015625 0.45 0.7890625 0.461111111328125 0.785416666015625 0.462962962890625 0.781770833984375 0.464814814453125 0.76875 0.458333333984375 0.7625 0.458333333984375 0.752083333984375 0.44907407421875 0.731770833984375 0.4444444453125 0.727604166015625 0.44537037109375 0.723958333984375 0.453703703125 0.717708333984375 0.4518518515625 0.710416666015625 0.44537037109375 0.708854166015625 0.439814814453125 0.711458333984375 0.4268518515625 0.7125 0.414814814453125 0.71875 0.408333333984375 0.725 0.408333333984375 0.730729166015625 0.414814814453125 0.736979166015625 0.417592591796875 0.766145833984375 0.42407407421875 0.772916666015625 0.42037037109375 0.784375 0.4231481484375 0.7890625 0.42222222265625 0.797395833984375 0.42592592578125 0.7984375 0.436111111328125 0.797916666015625