0 0.1305555546875 0.097395833984375 0.135185185546875 0.10625 0.143518517578125 0.1140625 0.146296296875 0.124479166015625 0.157407408203125 0.140625 0.15092592578125 0.15 0.15092592578125 0.160416666015625 0.160185185546875 0.166145833984375 0.17962962890625 0.168229166015625 0.1805555546875 0.1796875 0.186111111328125 0.183333333984375 0.191666666015625 0.183854166015625 0.191666666015625 0.165625 0.196296296875 0.160416666015625 0.196296296875 0.149479166015625 0.189814814453125 0.1390625 0.189814814453125 0.1265625 0.193518517578125 0.11875 0.193518517578125 0.085416666015625 0.191666666015625 0.081770833984375 0.188888888671875 0.08125 0.135185185546875 0.080729166015625 0.132407408203125 0.081770833984375 0.1305555546875 0.0875 0.1305555546875 0.097395833984375
0 0.643518517578125 0.233854166015625 0.637037037109375 0.233854166015625 0.638888888671875 0.236979166015625 0.643518517578125 0.238020833984375 0.643518517578125 0.233854166015625
0 0.566666666015625 0.421354166015625 0.563888888671875 0.425520833984375 0.566666666015625 0.427083333984375 0.566666666015625 0.421354166015625
0 0.562037037109375 0.428125 0.559259259765625 0.427604166015625 0.5555555546875 0.430729166015625 0.560185185546875 0.43125 0.562037037109375 0.428125
0 0.55092592578125 0.5234375 0.5481481484375 0.521354166015625 0.55277777734375 0.519270833984375 0.5481481484375 0.5171875 0.538888888671875 0.519270833984375 0.546296296875 0.5203125 0.55092592578125 0.5234375
0 0.538888888671875 0.6296875 0.537037037109375 0.63125 0.538888888671875 0.6328125 0.538888888671875 0.6296875
0 0.543518517578125 0.241666666015625 0.535185185546875 0.235416666015625 0.537962962890625 0.238541666015625 0.535185185546875 0.2390625 0.537037037109375 0.244791666015625 0.538888888671875 0.246875 0.543518517578125 0.241666666015625
0 0.52592592578125 0.4640625 0.52962962890625 0.466666666015625 0.535185185546875 0.467708333984375 0.532407408203125 0.456770833984375 0.52592592578125 0.458854166015625 0.52592592578125 0.4640625
0 0.538888888671875 0.490625 0.52777777734375 0.488541666015625 0.52592592578125 0.493229166015625 0.537962962890625 0.492708333984375 0.538888888671875 0.490625
0 0.5305555546875 0.516145833984375 0.52777777734375 0.515625 0.52592592578125 0.5265625 0.52962962890625 0.523958333984375 0.52777777734375 0.522222396484375 0.5305555546875 0.516145833984375
0 0.532407408203125 0.45 0.52407407421875 0.45 0.52592592578125 0.455208333984375 0.5305555546875 0.45625 0.532407408203125 0.45
0 0.993518517578125 0.000520833984375 0.971296296875 0.000520833984375 0.968518517578125 0.002604166015625 0.94907407421875 0.003645833984375 0.941666666015625 0.003645833984375 0.935185185546875 0.000520833984375 0.914814814453125 0.000520833984375 0.911111111328125 0.002604166015625 0.909259259765625 0.000520833984375 0.87777777734375 0.000520833984375 0.87592592578125 0.002604166015625 0.863888888671875 0.002604166015625 0.862037037109375 0.000520833984375 0.841666666015625 0.000520833984375 0.840740740234375 0.002604166015625 0.796296296875 0.002604166015625 0.7805555546875 0.007291666015625 0.768518517578125 0.014583333984375 0.762037037109375 0.021875 0.762962962890625 0.061458333984375 0.759259259765625 0.077604166015625 0.743518517578125 0.086458333984375 0.737037037109375 0.0875 0.714814814453125 0.097916666015625 0.710185185546875 0.1046875 0.707407408203125 0.142708333984375 0.70462962890625 0.144791666015625 0.685185185546875 0.146875 0.67592592578125 0.154166666015625 0.6805555546875 0.1875 0.685185185546875 0.190104166015625 0.7055555546875 0.191666666015625 0.709259259765625 0.194791666015625 0.710185185546875 0.2328125 0.69722222265625 0.235416666015625 0.671296296875 0.233854166015625 0.6694444453125 0.236458333984375 0.6731481484375 0.2421875 0.664814814453125 0.247916666015625 0.641666666015625 0.25 0.635185185546875 0.253645833984375 0.62592592578125 0.271354166015625 0.6231481484375 0.2921875 0.616666666015625 0.3 0.612962962890625 0.311458333984375 0.60092592578125 0.3109375 0.585185185546875 0.2796875 0.585185185546875 0.240104166015625 0.587962962890625 0.238020833984375 0.591666666015625 0.238541666015625 0.593518517578125 0.235416666015625 0.55277777734375 0.2359375 0.5481481484375 0.239583333984375 0.5481481484375 0.242708333984375 0.556481482421875 0.24375 0.559259259765625 0.245833333984375 0.560185185546875 0.2796875 0.563888888671875 0.286979166015625 0.560185185546875 0.288541666015625 0.559259259765625 0.29375 0.5555555546875 0.296875 0.5555555546875 0.301041666015625 0.562037037109375 0.3078125 0.557407408203125 0.319791666015625 0.532407408203125 0.334375 0.5305555546875 0.343229166015625 0.5231481484375 0.3484375 0.521296296875 0.3546875 0.518518517578125 0.35625 0.50092592578125 0.35625 0.49722222265625 0.359895833984375 0.489814814453125 0.360416666015625 0.488888888671875 0.3625 0.491666666015625 0.364583333984375 0.5055555546875 0.3640625 0.517592591796875 0.368229166015625 0.52777777734375 0.386458333984375 0.534259259765625 0.389583333984375 0.538888888671875 0.394791666015625 0.55092592578125 0.4 0.5731481484375 0.405208333984375 0.5731481484375 0.4234375 0.568518517578125 0.4296875 0.5731481484375 0.434375 0.57592592578125 0.473958333984375 0.568518517578125 0.478645833984375 0.568518517578125 0.481770833984375 0.560185185546875 0.483854166015625 0.5555555546875 0.488020833984375 0.5555555546875 0.4921875 0.559259259765625 0.4953125 0.557407408203125 0.50625 0.560185185546875 0.5109375 0.564814814453125 0.5125 0.568518517578125 0.525 0.566666666015625 0.530208333984375 0.5555555546875 0.541145833984375 0.54907407421875 0.541666666015625 0.546296296875 0.5390625 0.541666666015625 0.538541666015625 0.537037037109375 0.540104166015625 0.532407408203125 0.545833333984375 0.52592592578125 0.54375 0.52592592578125 0.5484375 0.532407408203125 0.550520833984375 0.532407408203125 0.5546875 0.540740740234375 0.55625 0.5444444453125 0.558854166015625 0.566666666015625 0.558333333984375 0.581481482421875 0.555729166015625 0.643518517578125 0.557291666015625 0.707407408203125 0.555208333984375 0.718518517578125 0.549479166015625 0.7231481484375 0.526041666015625 0.737037037109375 0.5234375 0.746296296875 0.527083333984375 0.75 0.5328125 0.75 0.555729166015625 0.746296296875 0.5609375 0.732407408203125 0.564583333984375 0.72592592578125 0.578125 0.721296296875 0.6125 0.72592592578125 0.6625 0.7305555546875 0.674479166015625 0.741666666015625 0.686458333984375 0.762962962890625 0.6921875 0.778703703125 0.69375 0.843518517578125 0.6953125 0.87962962890625 0.69375 0.9981481484375 0.69375 0.9981481484375 0.605729166015625 0.993518517578125 0.6 0.9981481484375 0.564583333984375 0.9981481484375 0.413541666015625 0.993518517578125 0.392708333984375 0.9981481484375 0.36875 0.9981481484375 0.061979166015625 0.9944444453125 0.058333333984375 0.9981481484375 0.005729166015625 0.9944444453125 0.004166666015625 0.993518517578125 0.000520833984375
0 0.47962962890625 0.383854166015625 0.484259259765625 0.381770833984375 0.484259259765625 0.365104166015625 0.4805555546875 0.359895833984375 0.482407408203125 0.352604166015625 0.4805555546875 0.350520833984375 0.47592592578125 0.35 0.468518517578125 0.351041666015625 0.466666666015625 0.380729166015625 0.4694444453125 0.388020833984375 0.47777777734375 0.39375 0.4805555546875 0.394270833984375 0.47962962890625 0.383854166015625
0 0.516666666015625 0.5796875 0.516666666015625 0.558333333984375 0.513888888671875 0.554166666015625 0.514814814453125 0.527604166015625 0.518518517578125 0.516666666015625 0.518518517578125 0.475 0.514814814453125 0.4546875 0.516666666015625 0.4328125 0.513888888671875 0.429166666015625 0.507407408203125 0.428125 0.47407407421875 0.428125 0.467592591796875 0.4296875 0.4305555546875 0.43125 0.413888888671875 0.434375 0.409259259765625 0.436979166015625 0.388888888671875 0.440104166015625 0.382407408203125 0.44375 0.3694444453125 0.461458333984375 0.368518517578125 0.488020833984375 0.35277777734375 0.496354166015625 0.35092592578125 0.511979166015625 0.32407407421875 0.519270833984375 0.3194444453125 0.523958333984375 0.310185185546875 0.525520833984375 0.3055555546875 0.528645833984375 0.3055555546875 0.544270833984375 0.30092592578125 0.550520833984375 0.30092592578125 0.558854166015625 0.291666666015625 0.564583333984375 0.287037037109375 0.5734375 0.2805555546875 0.573958333984375 0.27777777734375 0.56875 0.271296296875 0.5671875 0.262037037109375 0.570833333984375 0.262037037109375 0.588020833984375 0.264814814453125 0.590104166015625 0.27592592578125 0.5890625 0.282407408203125 0.579166666015625 0.285185185546875 0.579166666015625 0.287037037109375 0.5828125 0.309259259765625 0.595833333984375 0.313888888671875 0.607291666015625 0.312037037109375 0.6234375 0.314814814453125 0.6234375 0.313888888671875 0.6265625 0.32037037109375 0.627083333984375 0.32407407421875 0.630208333984375 0.321296296875 0.636979166015625 0.316666666015625 0.638541666015625 0.321296296875 0.640625 0.321296296875 0.643229166015625 0.331481482421875 0.653645833984375 0.3444444453125 0.65625 0.35092592578125 0.655729166015625 0.362037037109375 0.6625 0.37222222265625 0.661458333984375 0.37777777734375 0.664583333984375 0.3731481484375 0.681770833984375 0.3731481484375 0.698958333984375 0.37592592578125 0.711458333984375 0.3805555546875 0.716145833984375 0.387962962890625 0.71875 0.42777777734375 0.720833333984375 0.510185185546875 0.720833333984375 0.5231481484375 0.71875 0.534259259765625 0.713541666015625 0.546296296875 0.702604166015625 0.546296296875 0.693229166015625 0.541666666015625 0.677604166015625 0.538888888671875 0.675520833984375 0.538888888671875 0.669270833984375 0.534259259765625 0.664583333984375 0.52407407421875 0.661979166015625 0.5231481484375 0.648958333984375 0.5194444453125 0.6421875 0.5194444453125 0.588541666015625 0.516666666015625 0.5796875
0 0.1981481484375 0.843229166015625 0.196296296875 0.838020833984375 0.191666666015625 0.8375 0.188888888671875 0.834895833984375 0.187037037109375 0.841145833984375 0.188888888671875 0.844270833984375 0.1981481484375 0.843229166015625
0 0.2981481484375 0.819270833984375 0.2981481484375 0.801041666015625 0.2944444453125 0.786458333984375 0.2981481484375 0.763020833984375 0.293518517578125 0.75625 0.246296296875 0.755729166015625 0.235185185546875 0.75625 0.22592592578125 0.758854166015625 0.221296296875 0.767708333984375 0.2231481484375 0.780729166015625 0.210185185546875 0.786979166015625 0.210185185546875 0.792708333984375 0.216666666015625 0.797395833984375 0.214814814453125 0.800520833984375 0.185185185546875 0.801041666015625 0.185185185546875 0.820833333984375 0.187962962890625 0.825 0.196296296875 0.825 0.2 0.828125 0.2 0.84375 0.20277777734375 0.8453125 0.20277777734375 0.847916666015625 0.19537037109375 0.851041666015625 0.188888888671875 0.846875 0.188888888671875 0.8609375 0.196296296875 0.8671875 0.211111111328125 0.86875 0.2231481484375 0.869270833984375 0.22777777734375 0.867708333984375 0.2305555546875 0.8640625 0.243518517578125 0.8609375 0.257407408203125 0.864583333984375 0.262037037109375 0.871354166015625 0.275 0.875 0.283333333984375 0.875 0.288888888671875 0.872916666015625 0.285185185546875 0.857291666015625 0.287037037109375 0.840104166015625 0.284259259765625 0.831770833984375 0.287037037109375 0.826041666015625 0.2981481484375 0.819270833984375
0 0.267592591796875 0.5921875 0.260185185546875 0.586458333984375 0.262037037109375 0.56875 0.268518517578125 0.566666666015625 0.285185185546875 0.569270833984375 0.30277777734375 0.5578125 0.307407408203125 0.557291666015625 0.307407408203125 0.5296875 0.313888888671875 0.525 0.321296296875 0.523958333984375 0.321296296875 0.515625 0.3055555546875 0.518229166015625 0.296296296875 0.5234375 0.25092592578125 0.5265625 0.238888888671875 0.53125 0.235185185546875 0.533854166015625 0.232407408203125 0.554166666015625 0.221296296875 0.5609375 0.2055555546875 0.564583333984375 0.20277777734375 0.594791666015625 0.189814814453125 0.602604166015625 0.2 0.607291666015625 0.20277777734375 0.6125 0.20277777734375 0.64375 0.2231481484375 0.6453125 0.2268518515625 0.646875 0.237037037109375 0.656770833984375 0.237037037109375 0.664583333984375 0.241666666015625 0.675 0.25 0.6796875 0.261111111328125 0.68125 0.328703703125 0.681770833984375 0.334259259765625 0.6796875 0.337037037109375 0.661458333984375 0.335185185546875 0.656770833984375 0.3305555546875 0.655208333984375 0.32777777734375 0.64375 0.321296296875 0.640625 0.321296296875 0.608854166015625 0.316666666015625 0.605729166015625 0.316666666015625 0.602083333984375 0.309259259765625 0.594791666015625 0.293518517578125 0.590104166015625 0.2805555546875 0.589583333984375 0.267592591796875 0.5921875
0 0.27592592578125 0.239583333984375 0.239814814453125 0.244791666015625 0.235185185546875 0.254166666015625 0.235185185546875 0.268229166015625 0.232407408203125 0.275 0.2231481484375 0.280208333984375 0.2231481484375 0.288020833984375 0.2305555546875 0.294791666015625 0.22407407421875 0.297395833984375 0.20092592578125 0.296354166015625 0.191666666015625 0.300520833984375 0.193518517578125 0.320833333984375 0.182407408203125 0.331770833984375 0.187037037109375 0.333333333984375 0.1944444453125 0.340625 0.1944444453125 0.373958333984375 0.1981481484375 0.3796875 0.2018518515625 0.380729166015625 0.22962962890625 0.380729166015625 0.235185185546875 0.3828125 0.237037037109375 0.411979166015625 0.25277777734375 0.4171875 0.312037037109375 0.416145833984375 0.32407407421875 0.4125 0.32592592578125 0.407291666015625 0.32407407421875 0.3765625 0.32777777734375 0.373958333984375 0.32777777734375 0.3703125 0.3231481484375 0.364583333984375 0.3231481484375 0.359375 0.32592592578125 0.357291666015625 0.32592592578125 0.3109375 0.3231481484375 0.3078125 0.32592592578125 0.24375 0.313888888671875 0.239583333984375 0.27592592578125 0.239583333984375