0 0.667592591796875 0.5546875 0.658333333984375 0.5515625 0.6518518515625 0.554166666015625 0.6518518515625 0.5640625 0.656481482421875 0.565625 0.662962962890625 0.565104166015625 0.667592591796875 0.561979166015625 0.667592591796875 0.5546875
0 0.471296296875 0.727604166015625 0.478703703125 0.728645833984375 0.483333333984375 0.727083333984375 0.487962962890625 0.724479166015625 0.489814814453125 0.718229166015625 0.49907407421875 0.710416666015625 0.5018518515625 0.703125 0.486111111328125 0.694791666015625 0.47592592578125 0.693229166015625 0.467592591796875 0.7 0.467592591796875 0.7234375 0.471296296875 0.727604166015625
0 0.6518518515625 0.578125 0.658333333984375 0.56875 0.64907407421875 0.5640625 0.637962962890625 0.565104166015625 0.636111111328125 0.567708333984375 0.636111111328125 0.580729166015625 0.637962962890625 0.582291666015625 0.6444444453125 0.581770833984375 0.6518518515625 0.578125
0 0.67592592578125 0.534375 0.67222222265625 0.5359375 0.67222222265625 0.5515625 0.681481482421875 0.5515625 0.685185185546875 0.540104166015625 0.683333333984375 0.535416666015625 0.67592592578125 0.534375
0 0.712962962890625 0.501041666015625 0.708333333984375 0.504166666015625 0.708333333984375 0.5140625 0.714814814453125 0.514583333984375 0.72222222265625 0.5109375 0.72222222265625 0.504166666015625 0.712962962890625 0.501041666015625
0 0.6018518515625 0.577604166015625 0.5944444453125 0.570833333984375 0.586111111328125 0.5703125 0.581481482421875 0.575 0.583333333984375 0.592708333984375 0.592592591796875 0.593229166015625 0.6018518515625 0.583333333984375 0.6018518515625 0.577604166015625
0 0.5268518515625 0.666666666015625 0.5268518515625 0.655208333984375 0.517592591796875 0.648958333984375 0.5018518515625 0.647916666015625 0.49722222265625 0.653645833984375 0.49722222265625 0.6765625 0.50092592578125 0.6796875 0.506481482421875 0.679166666015625 0.5268518515625 0.666666666015625
0 0.565740740234375 0.665104166015625 0.567592591796875 0.647916666015625 0.561111111328125 0.643229166015625 0.55092592578125 0.641666666015625 0.540740740234375 0.644791666015625 0.540740740234375 0.666145833984375 0.5444444453125 0.66875 0.558333333984375 0.66875 0.565740740234375 0.665104166015625
0 0.614814814453125 0.608333333984375 0.614814814453125 0.602604166015625 0.608333333984375 0.595833333984375 0.6018518515625 0.59375 0.5944444453125 0.595833333984375 0.592592591796875 0.598958333984375 0.592592591796875 0.61875 0.60462962890625 0.61875 0.614814814453125 0.608333333984375
0 0.7268518515625 0.533854166015625 0.7268518515625 0.529166666015625 0.72222222265625 0.525 0.717592591796875 0.524479166015625 0.712962962890625 0.5296875 0.712962962890625 0.5375 0.715740740234375 0.541145833984375 0.7194444453125 0.540104166015625 0.7268518515625 0.533854166015625
0 0.3944444453125 0.725 0.4018518515625 0.728645833984375 0.42592592578125 0.727604166015625 0.428703703125 0.720833333984375 0.436111111328125 0.717708333984375 0.437962962890625 0.713541666015625 0.436111111328125 0.704166666015625 0.42407407421875 0.699479166015625 0.42222222265625 0.6953125 0.414814814453125 0.690625 0.3944444453125 0.6890625 0.3944444453125 0.725
0 0.436111111328125 0.697916666015625 0.4518518515625 0.697395833984375 0.461111111328125 0.69375 0.464814814453125 0.6890625 0.47222222265625 0.6875 0.47222222265625 0.678125 0.453703703125 0.666666666015625 0.4444444453125 0.665104166015625 0.433333333984375 0.668229166015625 0.433333333984375 0.689583333984375 0.436111111328125 0.697916666015625
0 0.69722222265625 0.515625 0.689814814453125 0.515104166015625 0.686111111328125 0.516666666015625 0.686111111328125 0.529166666015625 0.6944444453125 0.530729166015625 0.69722222265625 0.528645833984375 0.69907407421875 0.518229166015625 0.69722222265625 0.515625
0 0.24907407421875 0.458333333984375 0.2305555546875 0.444270833984375 0.22407407421875 0.444270833984375 0.22037037109375 0.453125 0.2194444453125 0.48125 0.239814814453125 0.525520833984375 0.242592591796875 0.544270833984375 0.24722222265625 0.547916666015625 0.25462962890625 0.549479166015625 0.27777777734375 0.547916666015625 0.287962962890625 0.54375 0.289814814453125 0.5375 0.289814814453125 0.525 0.281481482421875 0.513541666015625 0.278703703125 0.501041666015625 0.275 0.4984375 0.27222222265625 0.490625 0.253703703125 0.471354166015625 0.24907407421875 0.458333333984375
0 0.5444444453125 0.603645833984375 0.5555555546875 0.6 0.561111111328125 0.590104166015625 0.560185185546875 0.5828125 0.5518518515625 0.578125 0.536111111328125 0.579166666015625 0.533333333984375 0.580729166015625 0.533333333984375 0.602604166015625 0.536111111328125 0.604166666015625 0.5444444453125 0.603645833984375
0 0.325 0.6890625 0.311111111328125 0.685416666015625 0.3018518515625 0.684895833984375 0.29907407421875 0.686979166015625 0.29907407421875 0.71875 0.303703703125 0.73125 0.32037037109375 0.749479166015625 0.342592591796875 0.749479166015625 0.34907407421875 0.744270833984375 0.360185185546875 0.740625 0.360185185546875 0.724479166015625 0.35092592578125 0.7171875 0.3444444453125 0.716145833984375 0.340740740234375 0.713541666015625 0.337962962890625 0.7078125 0.3268518515625 0.698958333984375 0.325 0.6890625
0 0.6279296875 0.5869140625 0.02734375 0.01953125