0 0.259375 0.438888888671875 0.261458333984375 0.4444444453125 0.261979166015625 0.466666666015625 0.2859375 0.4694444453125 0.292708333984375 0.436111111328125 0.297916666015625 0.42777777734375 0.3171875 0.42592592578125 0.3234375 0.418518517578125 0.33125 0.416666666015625 0.33125 0.4055555546875 0.327604166015625 0.3981481484375 0.327083333984375 0.386111111328125 0.33125 0.37592592578125 0.33125 0.365740740234375 0.335416666015625 0.35092592578125 0.3296875 0.343518517578125 0.261979166015625 0.343518517578125 0.260416666015625 0.35092592578125 0.264583333984375 0.366666666015625 0.261979166015625 0.3731481484375 0.263020833984375 0.3805555546875 0.261458333984375 0.384259259765625 0.24375 0.385185185546875 0.240625 0.388888888671875 0.227083333984375 0.391666666015625 0.222916666015625 0.39907407421875 0.220833333984375 0.411111111328125 0.2203125 0.421296296875 0.228125 0.42592592578125 0.234375 0.437037037109375 0.259375 0.438888888671875
0 0.302083333984375 0.512037037109375 0.414583333984375 0.512037037109375 0.417708333984375 0.50092592578125 0.418229166015625 0.488888888671875 0.4203125 0.485185185546875 0.424479166015625 0.4805555546875 0.436979166015625 0.47777777734375 0.4359375 0.441666666015625 0.432291666015625 0.42777777734375 0.4109375 0.42777777734375 0.4078125 0.42222222265625 0.407291666015625 0.416666666015625 0.4 0.414814814453125 0.397916666015625 0.40462962890625 0.400520833984375 0.40462962890625 0.4015625 0.40092592578125 0.4015625 0.382407408203125 0.3984375 0.37962962890625 0.369270833984375 0.37962962890625 0.3640625 0.37592592578125 0.364583333984375 0.3731481484375 0.363020833984375 0.371296296875 0.361458333984375 0.37777777734375 0.33125 0.37962962890625 0.327604166015625 0.384259259765625 0.327604166015625 0.391666666015625 0.330729166015625 0.40462962890625 0.333854166015625 0.4055555546875 0.336979166015625 0.412037037109375 0.3359375 0.421296296875 0.3140625 0.42962962890625 0.3 0.42777777734375 0.2953125 0.4305555546875 0.291666666015625 0.441666666015625 0.289583333984375 0.47777777734375 0.297916666015625 0.489814814453125 0.3 0.508333333984375 0.302083333984375 0.512037037109375
0 0.759375 0.6555555546875 0.766666666015625 0.6481481484375 0.794270833984375 0.65092592578125 0.852083333984375 0.65092592578125 0.857291666015625 0.6481481484375 0.8796875 0.646296296875 0.883333333984375 0.65462962890625 0.90625 0.6555555546875 0.911979166015625 0.646296296875 0.911458333984375 0.582407408203125 0.909375 0.563888888671875 0.9046875 0.55092592578125 0.897916666015625 0.541666666015625 0.881770833984375 0.546296296875 0.878125 0.541666666015625 0.877083333984375 0.535185185546875 0.8734375 0.532407408203125 0.8640625 0.532407408203125 0.863020833984375 0.496296296875 0.861458333984375 0.491666666015625 0.8265625 0.491666666015625 0.825 0.487037037109375 0.830729166015625 0.4805555546875 0.829166666015625 0.47777777734375 0.816666666015625 0.47592592578125 0.815104166015625 0.484259259765625 0.811458333984375 0.482407408203125 0.811458333984375 0.47777777734375 0.810416666015625 0.4805555546875 0.814583333984375 0.493518517578125 0.813541666015625 0.496296296875 0.786979166015625 0.491666666015625 0.774479166015625 0.493518517578125 0.773958333984375 0.532407408203125 0.76875 0.535185185546875 0.765104166015625 0.543518517578125 0.740104166015625 0.543518517578125 0.735416666015625 0.55092592578125 0.7328125 0.566666666015625 0.732291666015625 0.62407407421875 0.733333333984375 0.635185185546875 0.739583333984375 0.65462962890625 0.759375 0.6555555546875
0 0.438020833984375 0.462037037109375 0.440104166015625 0.471296296875 0.4421875 0.4731481484375 0.4578125 0.471296296875 0.4578125 0.462037037109375 0.461458333984375 0.459259259765625 0.463020833984375 0.45462962890625 0.4671875 0.457407408203125 0.4673609375 0.45277777734375 0.4701390625 0.45277777734375 0.470833333984375 0.4555555546875 0.472916666015625 0.45277777734375 0.473958333984375 0.4555555546875 0.46875 0.436111111328125 0.4875 0.437037037109375 0.489583333984375 0.435185185546875 0.4890625 0.42407407421875 0.494270833984375 0.418518517578125 0.503645833984375 0.4194444453125 0.50625 0.42407407421875 0.509375 0.438888888671875 0.517708333984375 0.438888888671875 0.523958333984375 0.435185185546875 0.530729166015625 0.435185185546875 0.535416666015625 0.438888888671875 0.536979166015625 0.441666666015625 0.532291666015625 0.4481481484375 0.534375 0.4518518515625 0.532291666015625 0.45462962890625 0.5203125 0.4555555546875 0.525520833984375 0.460185185546875 0.528645833984375 0.457407408203125 0.530208333984375 0.462037037109375 0.528645833984375 0.468518517578125 0.530208333984375 0.471296296875 0.542708333984375 0.471296296875 0.550520833984375 0.47592592578125 0.554166666015625 0.4731481484375 0.555729166015625 0.466666666015625 0.556770833984375 0.42592592578125 0.555208333984375 0.40277777734375 0.553125 0.4 0.5375 0.4 0.535416666015625 0.4055555546875 0.528645833984375 0.4055555546875 0.522395833984375 0.3981481484375 0.520833333984375 0.391666666015625 0.524479166015625 0.384259259765625 0.524479166015625 0.3555555546875 0.522916666015625 0.35277777734375 0.494270833984375 0.3555555546875 0.491145833984375 0.35092592578125 0.4921875 0.343518517578125 0.4859375 0.339814814453125 0.482291666015625 0.34722222265625 0.480208333984375 0.34537037109375 0.480729166015625 0.341666666015625 0.4796875 0.343518517578125 0.481770833984375 0.35277777734375 0.480729166015625 0.35462962890625 0.452083333984375 0.3555555546875 0.448958333984375 0.384259259765625 0.444791666015625 0.385185185546875 0.441666666015625 0.3944444453125 0.422916666015625 0.396296296875 0.41875 0.407407408203125 0.418229166015625 0.421296296875 0.430729166015625 0.4231481484375 0.436458333984375 0.428703703125 0.438020833984375 0.462037037109375
0 0.4765625 0.438888888671875 0.4765625 0.443518517578125 0.478645833984375 0.441666666015625 0.478645833984375 0.438888888671875 0.4765625 0.438888888671875
0 0.4390625 0.582407408203125 0.444270833984375 0.57777777734375 0.452083333984375 0.57592592578125 0.501041666015625 0.57777777734375 0.507291666015625 0.553703703125 0.513541666015625 0.5481481484375 0.5203125 0.537037037109375 0.541666666015625 0.535185185546875 0.548958333984375 0.538888888671875 0.556770833984375 0.538888888671875 0.558333333984375 0.535185185546875 0.55625 0.5194444453125 0.554166666015625 0.516666666015625 0.55625 0.513888888671875 0.552083333984375 0.516666666015625 0.5484375 0.508333333984375 0.550520833984375 0.488888888671875 0.546875 0.485185185546875 0.532291666015625 0.484259259765625 0.5265625 0.47962962890625 0.5234375 0.47222222265625 0.521354166015625 0.459259259765625 0.516145833984375 0.45277777734375 0.510416666015625 0.45092592578125 0.507291666015625 0.446296296875 0.50625 0.437037037109375 0.5 0.431481482421875 0.503125 0.425 0.5015625 0.421296296875 0.49375 0.421296296875 0.49375 0.42777777734375 0.495833333984375 0.431481482421875 0.4921875 0.437037037109375 0.484895833984375 0.441666666015625 0.486458333984375 0.4444444453125 0.484895833984375 0.45092592578125 0.478125 0.45277777734375 0.4734375 0.457407408203125 0.466666666015625 0.47777777734375 0.45625 0.4731481484375 0.446875 0.482407408203125 0.427083333984375 0.482407408203125 0.4203125 0.489814814453125 0.417708333984375 0.510185185546875 0.4171875 0.571296296875 0.418229166015625 0.57777777734375 0.421875 0.582407408203125 0.4390625 0.582407408203125
0 0.138541666015625 0.521296296875 0.136979166015625 0.52592592578125 0.133854166015625 0.52777777734375 0.125520833984375 0.52777777734375 0.121354166015625 0.5481481484375 0.121354166015625 0.587037037109375 0.122916666015625 0.591666666015625 0.121354166015625 0.618518517578125 0.1234375 0.625 0.2171875 0.625 0.2234375 0.632407408203125 0.242708333984375 0.632407408203125 0.248958333984375 0.62592592578125 0.252083333984375 0.5981481484375 0.25 0.543518517578125 0.244791666015625 0.536111111328125 0.24375 0.52777777734375 0.242708333984375 0.5305555546875 0.2390625 0.5305555546875 0.238020833984375 0.52777777734375 0.219270833984375 0.52962962890625 0.196354166015625 0.52592592578125 0.194791666015625 0.5231481484375 0.19375 0.509259259765625 0.194791666015625 0.5018518515625 0.202604166015625 0.50277777734375 0.209895833984375 0.4981481484375 0.209375 0.484259259765625 0.205729166015625 0.47962962890625 0.174479166015625 0.47962962890625 0.16875 0.475 0.169791666015625 0.4694444453125 0.175 0.466666666015625 0.174479166015625 0.462037037109375 0.157291666015625 0.462037037109375 0.156770833984375 0.466666666015625 0.160416666015625 0.468518517578125 0.1625 0.4731481484375 0.159375 0.4805555546875 0.138541666015625 0.47962962890625 0.125 0.482407408203125 0.125520833984375 0.50092592578125 0.129166666015625 0.5055555546875 0.136979166015625 0.50462962890625 0.138541666015625 0.521296296875
0 0.275520833984375 0.3231481484375 0.279166666015625 0.3231481484375 0.281770833984375 0.3194444453125 0.304166666015625 0.3194444453125 0.313541666015625 0.312037037109375 0.3171875 0.318518517578125 0.336979166015625 0.321296296875 0.341666666015625 0.32777777734375 0.341145833984375 0.334259259765625 0.345833333984375 0.338888888671875 0.35625 0.338888888671875 0.359375 0.332407408203125 0.3609375 0.296296296875 0.359895833984375 0.284259259765625 0.353125 0.2805555546875 0.3375 0.2805555546875 0.334895833984375 0.268518517578125 0.330208333984375 0.262037037109375 0.314583333984375 0.25462962890625 0.306770833984375 0.241666666015625 0.301041666015625 0.25277777734375 0.297395833984375 0.2555555546875 0.28125 0.25277777734375 0.275 0.267592591796875 0.275 0.2805555546875 0.2703125 0.288888888671875 0.2703125 0.30092592578125 0.275520833984375 0.3231481484375
0 0.209895833984375 0.410185185546875 0.217708333984375 0.40462962890625 0.219270833984375 0.3981481484375 0.2265625 0.388888888671875 0.233333333984375 0.385185185546875 0.240625 0.385185185546875 0.2484375 0.37592592578125 0.251041666015625 0.37592592578125 0.252604166015625 0.3518518515625 0.256770833984375 0.339814814453125 0.2609375 0.335185185546875 0.26875 0.334259259765625 0.270833333984375 0.3231481484375 0.26875 0.311111111328125 0.26875 0.287037037109375 0.261979166015625 0.2805555546875 0.244270833984375 0.282407408203125 0.240625 0.27592592578125 0.240625 0.271296296875 0.2375 0.2694444453125 0.232291666015625 0.271296296875 0.2328125 0.27777777734375 0.230208333984375 0.282407408203125 0.20625 0.2805555546875 0.2046875 0.285185185546875 0.2046875 0.296296296875 0.2078125 0.309259259765625 0.205729166015625 0.316666666015625 0.2015625 0.3194444453125 0.180729166015625 0.3194444453125 0.177083333984375 0.32777777734375 0.178125 0.341666666015625 0.175520833984375 0.385185185546875 0.1765625 0.410185185546875 0.209895833984375 0.410185185546875
0 0.192708333984375 0.466666666015625 0.191666666015625 0.47407407421875 0.193229166015625 0.47777777734375 0.203125 0.47777777734375 0.209375 0.484259259765625 0.209375 0.496296296875 0.205729166015625 0.50277777734375 0.194270833984375 0.5055555546875 0.194791666015625 0.52592592578125 0.216666666015625 0.52592592578125 0.222916666015625 0.52962962890625 0.236979166015625 0.52592592578125 0.240625 0.52962962890625 0.2390625 0.532407408203125 0.24375 0.5305555546875 0.244270833984375 0.535185185546875 0.25 0.543518517578125 0.251041666015625 0.566666666015625 0.2546875 0.582407408203125 0.269270833984375 0.5805555546875 0.275 0.587037037109375 0.286979166015625 0.587037037109375 0.293229166015625 0.585185185546875 0.297916666015625 0.57962962890625 0.299479166015625 0.5731481484375 0.3 0.5481481484375 0.297395833984375 0.50277777734375 0.294791666015625 0.489814814453125 0.2921875 0.485185185546875 0.288020833984375 0.484259259765625 0.271354166015625 0.485185185546875 0.267708333984375 0.47592592578125 0.265104166015625 0.47407407421875 0.255208333984375 0.47407407421875 0.259375 0.463888888671875 0.259375 0.441666666015625 0.2515625 0.438888888671875 0.227604166015625 0.441666666015625 0.225 0.436111111328125 0.2265625 0.42777777734375 0.223958333984375 0.425 0.208333333984375 0.4268518515625 0.209895833984375 0.432407408203125 0.209375 0.438888888671875 0.18125 0.438888888671875 0.1765625 0.441666666015625 0.176041666015625 0.45 0.178125 0.463888888671875 0.191145833984375 0.463888888671875 0.192708333984375 0.466666666015625
0 0.628645833984375 0.496296296875 0.632291666015625 0.4944444453125 0.640104166015625 0.496296296875 0.641666666015625 0.493518517578125 0.641666666015625 0.487037037109375 0.636979166015625 0.484259259765625 0.630208333984375 0.485185185546875 0.626041666015625 0.489814814453125 0.622916666015625 0.50092592578125 0.625520833984375 0.496296296875 0.6265625 0.50092592578125 0.628645833984375 0.496296296875
0 0.568229166015625 0.491666666015625 0.5703125 0.496296296875 0.574479166015625 0.493518517578125 0.574479166015625 0.484259259765625 0.5689234375 0.484259259765625 0.568229166015625 0.487037037109375 0.566145833984375 0.484259259765625 0.567708333984375 0.489814814453125 0.560416666015625 0.489814814453125 0.560416666015625 0.493518517578125 0.568229166015625 0.491666666015625
0 0.5328125 0.641666666015625 0.5640625 0.643518517578125 0.5703125 0.646296296875 0.613020833984375 0.646296296875 0.625 0.643518517578125 0.645833333984375 0.643518517578125 0.649479166015625 0.6481481484375 0.670833333984375 0.646296296875 0.682291666015625 0.62962962890625 0.684895833984375 0.614814814453125 0.684895833984375 0.55092592578125 0.680208333984375 0.538888888671875 0.6484375 0.541666666015625 0.6453125 0.52777777734375 0.638020833984375 0.52777777734375 0.633854166015625 0.537962962890625 0.626041666015625 0.539814814453125 0.6203125 0.515740740234375 0.6109375 0.510185185546875 0.6078125 0.493518517578125 0.605208333984375 0.488888888671875 0.6 0.482407408203125 0.59375 0.482407408203125 0.586979166015625 0.487962962890625 0.58125 0.507407408203125 0.572395833984375 0.510185185546875 0.565625 0.518518517578125 0.563020833984375 0.52777777734375 0.566666666015625 0.535185185546875 0.566145833984375 0.539814814453125 0.551041666015625 0.543518517578125 0.54375 0.541666666015625 0.5421875 0.538888888671875 0.523958333984375 0.538888888671875 0.519270833984375 0.541666666015625 0.51875 0.546296296875 0.515625 0.55 0.509895833984375 0.55277777734375 0.506770833984375 0.561111111328125 0.5046875 0.575 0.502083333984375 0.610185185546875 0.502083333984375 0.635185185546875 0.508333333984375 0.6481481484375 0.5265625 0.6481481484375 0.5328125 0.641666666015625
0 0.594270833984375 0.47407407421875 0.6 0.4731481484375 0.594270833984375 0.471296296875 0.594270833984375 0.47407407421875
0 0.508333333984375 0.3481481484375 0.511458333984375 0.34907407421875 0.529166666015625 0.3481481484375 0.5359375 0.339814814453125 0.5390625 0.32777777734375 0.538541666015625 0.32407407421875 0.540625 0.321296296875 0.5453125 0.3231481484375 0.546354166015625 0.3268518515625 0.549479166015625 0.32777777734375 0.55625 0.337037037109375 0.565625 0.32962962890625 0.566145833984375 0.32592592578125 0.5703125 0.321296296875 0.570833333984375 0.311111111328125 0.575520833984375 0.30277777734375 0.574479166015625 0.282407408203125 0.5640625 0.27777777734375 0.55625 0.27962962890625 0.552083333984375 0.27222222265625 0.55 0.262037037109375 0.544270833984375 0.262037037109375 0.5390625 0.27777777734375 0.51875 0.27592592578125 0.515104166015625 0.282407408203125 0.510416666015625 0.309259259765625 0.494270833984375 0.310185185546875 0.489583333984375 0.313888888671875 0.489583333984375 0.338888888671875 0.494270833984375 0.341666666015625 0.50625 0.341666666015625 0.508333333984375 0.3481481484375
0 0.584895833984375 0.47592592578125 0.584895833984375 0.47037037109375 0.586979166015625 0.466666666015625 0.59375 0.463888888671875 0.60625 0.466666666015625 0.6125 0.47777777734375 0.616145833984375 0.47962962890625 0.643229166015625 0.4805555546875 0.646354166015625 0.486111111328125 0.645833333984375 0.50092592578125 0.647916666015625 0.506481482421875 0.65625 0.510185185546875 0.685416666015625 0.507407408203125 0.694270833984375 0.513888888671875 0.704166666015625 0.513888888671875 0.709895833984375 0.510185185546875 0.713020833984375 0.4981481484375 0.7125 0.4444444453125 0.709895833984375 0.4305555546875 0.70625 0.4231481484375 0.688541666015625 0.421296296875 0.681770833984375 0.410185185546875 0.667708333984375 0.414814814453125 0.659375 0.39907407421875 0.65 0.391666666015625 0.64375 0.37777777734375 0.640104166015625 0.37592592578125 0.632291666015625 0.3805555546875 0.629166666015625 0.387037037109375 0.627083333984375 0.385185185546875 0.630208333984375 0.388888888671875 0.628125 0.393518517578125 0.622395833984375 0.393518517578125 0.6171875 0.3981481484375 0.609375 0.411111111328125 0.6 0.416666666015625 0.592708333984375 0.42777777734375 0.572916666015625 0.42777777734375 0.568229166015625 0.433333333984375 0.566145833984375 0.442592591796875 0.565625 0.4731481484375 0.569791666015625 0.47962962890625 0.581770833984375 0.4805555546875 0.584895833984375 0.47592592578125
0 0.6181640625 0.3505859375 0.11328125 0.091796875