0 0.490740740234375 0.550520833984375 0.486111111328125 0.546354166015625 0.458333333984375 0.5453125 0.45277777734375 0.5484375 0.44907407421875 0.547395833984375 0.446296296875 0.543229166015625 0.433333333984375 0.540104166015625 0.4 0.539583333984375 0.3944444453125 0.555208333984375 0.39537037109375 0.608333333984375 0.39722222265625 0.609895833984375 0.4268518515625 0.610416666015625 0.439814814453125 0.609895833984375 0.45092592578125 0.607291666015625 0.47407407421875 0.609895833984375 0.486111111328125 0.6078125 0.489814814453125 0.6046875 0.490740740234375 0.594270833984375 0.514814814453125 0.592708333984375 0.514814814453125 0.563541666015625 0.510185185546875 0.561458333984375 0.492592591796875 0.561458333984375 0.489814814453125 0.559895833984375 0.490740740234375 0.550520833984375
0 0.64537037109375 0.557291666015625 0.658333333984375 0.558854166015625 0.6768518515625 0.558333333984375 0.678703703125 0.552083333984375 0.687962962890625 0.550520833984375 0.687962962890625 0.5375 0.678703703125 0.5328125 0.678703703125 0.530208333984375 0.67407407421875 0.527604166015625 0.64907407421875 0.525520833984375 0.6444444453125 0.533333333984375 0.64537037109375 0.557291666015625
0 0.764814814453125 0.564583333984375 0.762962962890625 0.5578125 0.753703703125 0.553125 0.74907407421875 0.553125 0.74537037109375 0.556770833984375 0.74722222265625 0.565625 0.75 0.568229166015625 0.761111111328125 0.5671875 0.764814814453125 0.564583333984375
0 0.778703703125 0.547395833984375 0.788888888671875 0.547395833984375 0.790740740234375 0.54375 0.787962962890625 0.541145833984375 0.778703703125 0.539583333984375 0.778703703125 0.547395833984375
0 0.778703703125 0.564583333984375 0.7805555546875 0.561979166015625 0.7805555546875 0.557291666015625 0.77592592578125 0.553125 0.767592591796875 0.553125 0.764814814453125 0.555729166015625 0.764814814453125 0.565625 0.77037037109375 0.566666666015625 0.778703703125 0.564583333984375
0 0.8055555546875 0.545833333984375 0.793518517578125 0.5453125 0.793518517578125 0.5515625 0.8055555546875 0.5515625 0.8055555546875 0.545833333984375
0 0.633333333984375 0.56875 0.633333333984375 0.6 0.664814814453125 0.6 0.6805555546875 0.5921875 0.6805555546875 0.577083333984375 0.6768518515625 0.575 0.6694444453125 0.575 0.664814814453125 0.569270833984375 0.661111111328125 0.568229166015625 0.642592591796875 0.565625 0.636111111328125 0.566666666015625 0.633333333984375 0.56875
0 0.261111111328125 0.500520833984375 0.2518518515625 0.501041666015625 0.24537037109375 0.504166666015625 0.238888888671875 0.5046875 0.235185185546875 0.502083333984375 0.2444444453125 0.4953125 0.24722222265625 0.489583333984375 0.24722222265625 0.478645833984375 0.2444444453125 0.476041666015625 0.2268518515625 0.4703125 0.19722222265625 0.46875 0.187962962890625 0.4703125 0.1768518515625 0.463020833984375 0.17407407421875 0.4453125 0.1694444453125 0.442708333984375 0.15 0.441666666015625 0.140740740234375 0.438541666015625 0.114814814453125 0.434375 0.111111111328125 0.4296875 0.1194444453125 0.424479166015625 0.12407407421875 0.416145833984375 0.12407407421875 0.407291666015625 0.117592591796875 0.400520833984375 0.0944444453125 0.394270833984375 0.07037037109375 0.3921875 0.0444444453125 0.380729166015625 0.0194444453125 0.375 0.012962962890625 0.375 0.0018518515625 0.399479166015625 0.0018518515625 0.482291666015625 0.006481482421875 0.505729166015625 0.015740740234375 0.50625 0.033333333984375 0.51875 0.09907407421875 0.524479166015625 0.106481482421875 0.529166666015625 0.111111111328125 0.529166666015625 0.12037037109375 0.5359375 0.133333333984375 0.5375 0.137962962890625 0.541145833984375 0.1555555546875 0.544791666015625 0.167592591796875 0.549479166015625 0.1694444453125 0.56875 0.17777777734375 0.573958333984375 0.203703703125 0.5765625 0.2268518515625 0.575 0.235185185546875 0.56875 0.235185185546875 0.557291666015625 0.237962962890625 0.555208333984375 0.258333333984375 0.558333333984375 0.2731481484375 0.558333333984375 0.2768518515625 0.555729166015625 0.285185185546875 0.505729166015625 0.2768518515625 0.502604166015625 0.261111111328125 0.500520833984375
0 0.728703703125 0.5375 0.72222222265625 0.533333333984375 0.711111111328125 0.533333333984375 0.711111111328125 0.556770833984375 0.72407407421875 0.556770833984375 0.736111111328125 0.55 0.737962962890625 0.5453125 0.728703703125 0.5375
0 0.7768518515625 0.536458333984375 0.77222222265625 0.531770833984375 0.762962962890625 0.528645833984375 0.758333333984375 0.536979166015625 0.762962962890625 0.543229166015625 0.7694444453125 0.542708333984375 0.77407407421875 0.541145833984375 0.7768518515625 0.536458333984375
0 0.74907407421875 0.515104166015625 0.739814814453125 0.508854166015625 0.728703703125 0.5078125 0.7268518515625 0.525520833984375 0.731481482421875 0.529166666015625 0.737962962890625 0.528645833984375 0.74907407421875 0.523958333984375 0.74907407421875 0.515104166015625