0 0.582407408203125 0.040104166015625 0.57222222265625 0.039583333984375 0.564814814453125 0.036458333984375 0.558333333984375 0.036458333984375 0.553703703125 0.038541666015625 0.553703703125 0.044270833984375 0.535185185546875 0.05625 0.528703703125 0.0578125 0.52592592578125 0.061458333984375 0.5268518515625 0.067708333984375 0.536111111328125 0.075520833984375 0.537962962890625 0.080729166015625 0.540740740234375 0.081770833984375 0.55092592578125 0.080208333984375 0.5555555546875 0.078125 0.558333333984375 0.070833333984375 0.5694444453125 0.0625 0.578703703125 0.060416666015625 0.578703703125 0.056770833984375 0.586111111328125 0.0515625 0.582407408203125 0.040104166015625
0 0.54907407421875 0.142708333984375 0.5444444453125 0.1328125 0.537962962890625 0.1296875 0.52962962890625 0.130729166015625 0.5194444453125 0.129166666015625 0.514814814453125 0.13125 0.512962962890625 0.140104166015625 0.5018518515625 0.151041666015625 0.5018518515625 0.154166666015625 0.489814814453125 0.158854166015625 0.486111111328125 0.163020833984375 0.486111111328125 0.172395833984375 0.492592591796875 0.1796875 0.4981481484375 0.18125 0.514814814453125 0.18125 0.5194444453125 0.177083333984375 0.5194444453125 0.1734375 0.5268518515625 0.1671875 0.5268518515625 0.1578125 0.540740740234375 0.152604166015625 0.5444444453125 0.1453125 0.54907407421875 0.142708333984375
0 0.49722222265625 0.316666666015625 0.492592591796875 0.3 0.49537037109375 0.28125 0.489814814453125 0.278125 0.481481482421875 0.2765625 0.47222222265625 0.282291666015625 0.461111111328125 0.283854166015625 0.458333333984375 0.286979166015625 0.458333333984375 0.291666666015625 0.462962962890625 0.2953125 0.462962962890625 0.313541666015625 0.467592591796875 0.331770833984375 0.467592591796875 0.338020833984375 0.462962962890625 0.341666666015625 0.462962962890625 0.346354166015625 0.464814814453125 0.356770833984375 0.4694444453125 0.359895833984375 0.47962962890625 0.360416666015625 0.489814814453125 0.358333333984375 0.492592591796875 0.356770833984375 0.492592591796875 0.350520833984375 0.49907407421875 0.344270833984375 0.49907407421875 0.340625 0.492592591796875 0.336979166015625 0.4944444453125 0.31875 0.49722222265625 0.316666666015625
0 0.6018518515625 0.786979166015625 0.592592591796875 0.797395833984375 0.59722222265625 0.801041666015625 0.606481482421875 0.8171875 0.608333333984375 0.8359375 0.611111111328125 0.8375 0.614814814453125 0.836979166015625 0.628703703125 0.822916666015625 0.6305555546875 0.8046875 0.617592591796875 0.790625 0.6194444453125 0.780208333984375 0.608333333984375 0.779166666015625 0.603703703125 0.78125 0.6018518515625 0.786979166015625
0 0.575 0.021875 0.587037037109375 0.019791666015625 0.593518517578125 0.013020833984375 0.611111111328125 0.010416666015625 0.614814814453125 0.000520833984375 0.564814814453125 0.000520833984375 0.564814814453125 0.008333333984375 0.57037037109375 0.01875 0.575 0.021875
0 0.510185185546875 0.376041666015625 0.506481482421875 0.371354166015625 0.5018518515625 0.370833333984375 0.490740740234375 0.371875 0.47962962890625 0.3796875 0.47407407421875 0.38125 0.47222222265625 0.3875 0.4768518515625 0.390104166015625 0.478703703125 0.394791666015625 0.481481482421875 0.41875 0.489814814453125 0.426041666015625 0.489814814453125 0.431770833984375 0.483333333984375 0.4375 0.486111111328125 0.452083333984375 0.489814814453125 0.454166666015625 0.49907407421875 0.454166666015625 0.512037037109375 0.449479166015625 0.517592591796875 0.435416666015625 0.511111111328125 0.429166666015625 0.511111111328125 0.422395833984375 0.514814814453125 0.41875 0.512962962890625 0.40625 0.5055555546875 0.388541666015625 0.510185185546875 0.376041666015625
0 0.4768518515625 0.055208333984375 0.485185185546875 0.048958333984375 0.483333333984375 0.044270833984375 0.47222222265625 0.0359375 0.463888888671875 0.0375 0.44907407421875 0.036979166015625 0.442592591796875 0.040104166015625 0.4444444453125 0.05 0.439814814453125 0.053125 0.433333333984375 0.063541666015625 0.433333333984375 0.069270833984375 0.42407407421875 0.076041666015625 0.4194444453125 0.083854166015625 0.42407407421875 0.092708333984375 0.436111111328125 0.104166666015625 0.442592591796875 0.10625 0.44907407421875 0.1046875 0.45 0.1015625 0.460185185546875 0.09375 0.4555555546875 0.084375 0.464814814453125 0.079166666015625 0.467592591796875 0.064583333984375 0.47592592578125 0.060416666015625 0.4768518515625 0.055208333984375
0 0.4768518515625 0.005729166015625 0.4768518515625 0.011458333984375 0.487962962890625 0.027083333984375 0.492592591796875 0.030208333984375 0.49722222265625 0.030208333984375 0.49907407421875 0.028125 0.506481482421875 0.027083333984375 0.512962962890625 0.0234375 0.514814814453125 0.016145833984375 0.52037037109375 0.0109375 0.533333333984375 0.006770833984375 0.533333333984375 0.000520833984375 0.481481482421875 0.000520833984375 0.4768518515625 0.005729166015625
0 0.331481482421875 0.8203125 0.328703703125 0.815104166015625 0.3194444453125 0.811458333984375 0.3194444453125 0.807291666015625 0.32407407421875 0.803645833984375 0.32407407421875 0.797395833984375 0.317592591796875 0.791666666015625 0.312962962890625 0.777604166015625 0.308333333984375 0.775 0.308333333984375 0.769791666015625 0.317592591796875 0.763541666015625 0.317592591796875 0.75625 0.311111111328125 0.752604166015625 0.290740740234375 0.758333333984375 0.27037037109375 0.76875 0.265740740234375 0.776041666015625 0.2768518515625 0.783854166015625 0.281481482421875 0.811979166015625 0.290740740234375 0.819270833984375 0.290740740234375 0.825 0.281481482421875 0.83125 0.281481482421875 0.836458333984375 0.286111111328125 0.8421875 0.286111111328125 0.85 0.296296296875 0.849479166015625 0.303703703125 0.84375 0.308333333984375 0.843229166015625 0.316666666015625 0.836979166015625 0.3231481484375 0.834895833984375 0.3268518515625 0.831770833984375 0.3268518515625 0.825 0.331481482421875 0.8203125
0 0.533333333984375 0.503125 0.531481482421875 0.500520833984375 0.52407407421875 0.5 0.514814814453125 0.503125 0.5055555546875 0.5109375 0.5 0.5125 0.49722222265625 0.518229166015625 0.5055555546875 0.525520833984375 0.511111111328125 0.547395833984375 0.5194444453125 0.555208333984375 0.5194444453125 0.5609375 0.514814814453125 0.565104166015625 0.5194444453125 0.570833333984375 0.52037037109375 0.578125 0.5268518515625 0.579166666015625 0.537962962890625 0.56875 0.5444444453125 0.566666666015625 0.54537037109375 0.553125 0.539814814453125 0.546354166015625 0.539814814453125 0.533854166015625 0.533333333984375 0.519791666015625 0.5268518515625 0.513020833984375 0.533333333984375 0.50625 0.533333333984375 0.503125
0 0.589814814453125 0.6875 0.581481482421875 0.690625 0.5768518515625 0.695833333984375 0.57407407421875 0.706770833984375 0.581481482421875 0.713541666015625 0.581481482421875 0.725 0.587962962890625 0.733854166015625 0.587962962890625 0.745833333984375 0.593518517578125 0.750520833984375 0.59907407421875 0.749479166015625 0.611111111328125 0.734895833984375 0.611111111328125 0.713020833984375 0.606481482421875 0.710416666015625 0.59907407421875 0.699479166015625 0.6018518515625 0.6890625 0.59907407421875 0.6875 0.589814814453125 0.6875
0 0.4194444453125 0.186458333984375 0.4194444453125 0.177083333984375 0.42407407421875 0.1703125 0.42407407421875 0.1515625 0.431481482421875 0.147916666015625 0.4305555546875 0.141666666015625 0.415740740234375 0.1328125 0.411111111328125 0.133854166015625 0.409259259765625 0.138020833984375 0.390740740234375 0.1375 0.386111111328125 0.141666666015625 0.392592591796875 0.1515625 0.386111111328125 0.171354166015625 0.390740740234375 0.186979166015625 0.378703703125 0.193229166015625 0.3768518515625 0.203125 0.378703703125 0.209375 0.389814814453125 0.217708333984375 0.4018518515625 0.2203125 0.408333333984375 0.219791666015625 0.411111111328125 0.217708333984375 0.410185185546875 0.2109375 0.415740740234375 0.2046875 0.414814814453125 0.2 0.411111111328125 0.197395833984375 0.411111111328125 0.1890625 0.4194444453125 0.186458333984375
0 0.478703703125 0.18125 0.47222222265625 0.183333333984375 0.47592592578125 0.2 0.47037037109375 0.213020833984375 0.47222222265625 0.229166666015625 0.465740740234375 0.23125 0.464814814453125 0.233333333984375 0.464814814453125 0.246875 0.4768518515625 0.25625 0.492592591796875 0.25625 0.49907407421875 0.236979166015625 0.503703703125 0.230729166015625 0.503703703125 0.1984375 0.511111111328125 0.1859375 0.507407408203125 0.181770833984375 0.492592591796875 0.180208333984375 0.478703703125 0.18125
0 0.536111111328125 0.0765625 0.52222222265625 0.061979166015625 0.508333333984375 0.063541666015625 0.508333333984375 0.06875 0.49907407421875 0.075 0.4944444453125 0.083333333984375 0.483333333984375 0.0875 0.478703703125 0.091666666015625 0.478703703125 0.098958333984375 0.490740740234375 0.114583333984375 0.49722222265625 0.115625 0.507407408203125 0.111979166015625 0.512962962890625 0.107291666015625 0.511111111328125 0.103125 0.517592591796875 0.099479166015625 0.52407407421875 0.088541666015625 0.531481482421875 0.086458333984375 0.537962962890625 0.081770833984375 0.536111111328125 0.0765625
0 0.561111111328125 0.013020833984375 0.55462962890625 0.0140625 0.5444444453125 0.0109375 0.537962962890625 0.011979166015625 0.535185185546875 0.019270833984375 0.506481482421875 0.0328125 0.506481482421875 0.040104166015625 0.515740740234375 0.055208333984375 0.5231481484375 0.058854166015625 0.535185185546875 0.05625 0.542592591796875 0.051041666015625 0.542592591796875 0.045833333984375 0.55462962890625 0.033854166015625 0.562962962890625 0.027604166015625 0.5694444453125 0.0265625 0.5694444453125 0.019791666015625 0.561111111328125 0.013020833984375
0 0.4694444453125 0.438541666015625 0.465740740234375 0.435416666015625 0.464814814453125 0.425 0.460185185546875 0.41875 0.460185185546875 0.4140625 0.464814814453125 0.410416666015625 0.461111111328125 0.4015625 0.442592591796875 0.405208333984375 0.437037037109375 0.411458333984375 0.428703703125 0.413020833984375 0.42407407421875 0.417708333984375 0.431481482421875 0.425520833984375 0.439814814453125 0.456770833984375 0.44907407421875 0.464583333984375 0.44907407421875 0.467708333984375 0.442592591796875 0.4703125 0.440740740234375 0.473958333984375 0.44537037109375 0.48125 0.4444444453125 0.488541666015625 0.4481481484375 0.490104166015625 0.458333333984375 0.4890625 0.462962962890625 0.488020833984375 0.47407407421875 0.4796875 0.47407407421875 0.472395833984375 0.4768518515625 0.4703125 0.4768518515625 0.463541666015625 0.4694444453125 0.458854166015625 0.4694444453125 0.438541666015625
0 0.44722222265625 0.3125 0.438888888671875 0.290625 0.4444444453125 0.278125 0.439814814453125 0.275 0.42222222265625 0.274479166015625 0.414814814453125 0.279166666015625 0.4 0.283854166015625 0.39907407421875 0.288020833984375 0.408333333984375 0.295833333984375 0.408333333984375 0.310416666015625 0.414814814453125 0.333333333984375 0.411111111328125 0.339583333984375 0.412962962890625 0.360416666015625 0.418518517578125 0.3625 0.434259259765625 0.361979166015625 0.442592591796875 0.358854166015625 0.442592591796875 0.35 0.44907407421875 0.343229166015625 0.44722222265625 0.338020833984375 0.439814814453125 0.336458333984375 0.442592591796875 0.31875 0.44722222265625 0.3125
0 0.461111111328125 0.1875 0.465740740234375 0.159375 0.47407407421875 0.152083333984375 0.471296296875 0.147395833984375 0.461111111328125 0.143229166015625 0.456481482421875 0.1390625 0.44722222265625 0.144791666015625 0.436111111328125 0.144270833984375 0.431481482421875 0.146354166015625 0.435185185546875 0.166145833984375 0.428703703125 0.1765625 0.431481482421875 0.189583333984375 0.42222222265625 0.197395833984375 0.42222222265625 0.211979166015625 0.437962962890625 0.222916666015625 0.45 0.222395833984375 0.4518518515625 0.215625 0.458333333984375 0.2125 0.460185185546875 0.208333333984375 0.458333333984375 0.204166666015625 0.453703703125 0.202083333984375 0.453703703125 0.196875 0.461111111328125 0.1875
0 0.5518518515625 0.615104166015625 0.54722222265625 0.615104166015625 0.537962962890625 0.6171875 0.531481482421875 0.621354166015625 0.5305555546875 0.624479166015625 0.5268518515625 0.626041666015625 0.52592592578125 0.633854166015625 0.537962962890625 0.655208333984375 0.54722222265625 0.661979166015625 0.5444444453125 0.675520833984375 0.5518518515625 0.68125 0.558333333984375 0.680208333984375 0.567592591796875 0.66875 0.5694444453125 0.658854166015625 0.565740740234375 0.655729166015625 0.564814814453125 0.640625 0.5518518515625 0.627083333984375 0.5555555546875 0.6171875 0.5518518515625 0.615104166015625