0 0.59907407421875 0.394270833984375 0.615740740234375 0.392708333984375 0.62407407421875 0.39375 0.628703703125 0.391666666015625 0.6268518515625 0.3703125 0.631481482421875 0.365104166015625 0.643518517578125 0.361979166015625 0.64537037109375 0.358854166015625 0.65092592578125 0.356770833984375 0.637962962890625 0.3453125 0.62407407421875 0.341666666015625 0.6194444453125 0.3359375 0.6194444453125 0.331770833984375 0.610185185546875 0.328125 0.603703703125 0.328125 0.59722222265625 0.324479166015625 0.59722222265625 0.320833333984375 0.603703703125 0.3125 0.603703703125 0.280729166015625 0.6018518515625 0.275520833984375 0.589814814453125 0.271354166015625 0.5305555546875 0.269270833984375 0.4944444453125 0.273958333984375 0.487962962890625 0.275520833984375 0.486111111328125 0.278125 0.486111111328125 0.301041666015625 0.489814814453125 0.303125 0.489814814453125 0.336979166015625 0.486111111328125 0.344791666015625 0.487962962890625 0.4125 0.483333333984375 0.414583333984375 0.481481482421875 0.41875 0.481481482421875 0.436458333984375 0.490740740234375 0.443229166015625 0.52962962890625 0.4421875 0.57222222265625 0.4390625 0.582407408203125 0.43125 0.59537037109375 0.429166666015625 0.59907407421875 0.425520833984375 0.59907407421875 0.410416666015625 0.6018518515625 0.40625 0.59907407421875 0.394270833984375
0 0.8944444453125 0.56875 0.886111111328125 0.559895833984375 0.885185185546875 0.550520833984375 0.87407407421875 0.548958333984375 0.8518518515625 0.5375 0.842592591796875 0.5375 0.82592592578125 0.547916666015625 0.817592591796875 0.550520833984375 0.808333333984375 0.551041666015625 0.803703703125 0.561458333984375 0.803703703125 0.572395833984375 0.7944444453125 0.577604166015625 0.7944444453125 0.6 0.789814814453125 0.613020833984375 0.79722222265625 0.6203125 0.803703703125 0.6234375 0.821296296875 0.625 0.8481481484375 0.624479166015625 0.853703703125 0.622395833984375 0.858333333984375 0.60625 0.878703703125 0.6015625 0.883333333984375 0.5984375 0.885185185546875 0.582291666015625 0.8944444453125 0.575520833984375 0.8944444453125 0.56875
0 0.615740740234375 0.577083333984375 0.633333333984375 0.579166666015625 0.6518518515625 0.577604166015625 0.6555555546875 0.575 0.656481482421875 0.556770833984375 0.667592591796875 0.550520833984375 0.665740740234375 0.540104166015625 0.653703703125 0.534375 0.656481482421875 0.530729166015625 0.6555555546875 0.4984375 0.64907407421875 0.494270833984375 0.62037037109375 0.49375 0.615740740234375 0.4921875 0.617592591796875 0.471354166015625 0.614814814453125 0.4625 0.603703703125 0.458854166015625 0.54537037109375 0.456770833984375 0.536111111328125 0.4578125 0.5268518515625 0.461458333984375 0.52592592578125 0.46875 0.510185185546875 0.471354166015625 0.49907407421875 0.476041666015625 0.49907407421875 0.5 0.503703703125 0.50625 0.503703703125 0.511458333984375 0.5018518515625 0.51875 0.49907407421875 0.5203125 0.5018518515625 0.5375 0.49907407421875 0.547395833984375 0.514814814453125 0.552604166015625 0.5194444453125 0.568229166015625 0.52407407421875 0.56875 0.5268518515625 0.571354166015625 0.537962962890625 0.569791666015625 0.541666666015625 0.572395833984375 0.542592591796875 0.590104166015625 0.537962962890625 0.592708333984375 0.533333333984375 0.5890625 0.5268518515625 0.588541666015625 0.510185185546875 0.5953125 0.506481482421875 0.5953125 0.503703703125 0.60625 0.49722222265625 0.608854166015625 0.492592591796875 0.616666666015625 0.492592591796875 0.630729166015625 0.5018518515625 0.6375 0.543518517578125 0.636979166015625 0.575 0.634895833984375 0.586111111328125 0.630729166015625 0.587962962890625 0.618229166015625 0.607407408203125 0.613541666015625 0.611111111328125 0.610416666015625 0.612037037109375 0.578645833984375 0.615740740234375 0.577083333984375
0 0.89722222265625 0.318229166015625 0.892592591796875 0.315104166015625 0.89722222265625 0.311458333984375 0.89722222265625 0.307291666015625 0.883333333984375 0.286979166015625 0.861111111328125 0.283854166015625 0.836111111328125 0.2859375 0.831481482421875 0.2875 0.831481482421875 0.297916666015625 0.835185185546875 0.304166666015625 0.839814814453125 0.305208333984375 0.836111111328125 0.3078125 0.846296296875 0.303125 0.84907407421875 0.30625 0.84907407421875 0.313541666015625 0.846296296875 0.316145833984375 0.836111111328125 0.316145833984375 0.833333333984375 0.325 0.8555555546875 0.3296875 0.864814814453125 0.334895833984375 0.867592591796875 0.341666666015625 0.865740740234375 0.350520833984375 0.8731481484375 0.363541666015625 0.8944444453125 0.364583333984375 0.906481482421875 0.36875 0.916666666015625 0.368229166015625 0.9194444453125 0.361458333984375 0.9194444453125 0.344791666015625 0.9268518515625 0.342708333984375 0.9268518515625 0.335416666015625 0.92037037109375 0.3296875 0.9194444453125 0.319270833984375 0.89722222265625 0.318229166015625
0 0.87037037109375 0.4828125 0.87222222265625 0.477083333984375 0.8694444453125 0.4703125 0.861111111328125 0.4671875 0.843518517578125 0.46875 0.840740740234375 0.4671875 0.835185185546875 0.447395833984375 0.8194444453125 0.4375 0.785185185546875 0.4375 0.77037037109375 0.439583333984375 0.767592591796875 0.442708333984375 0.7694444453125 0.457291666015625 0.7768518515625 0.4609375 0.803703703125 0.4625 0.806481482421875 0.4640625 0.808333333984375 0.476041666015625 0.8055555546875 0.488020833984375 0.833333333984375 0.488541666015625 0.837962962890625 0.490104166015625 0.837962962890625 0.513020833984375 0.84907407421875 0.517708333984375 0.85 0.524479166015625 0.864814814453125 0.525 0.8694444453125 0.521875 0.8694444453125 0.502604166015625 0.8768518515625 0.499479166015625 0.878703703125 0.494791666015625 0.878703703125 0.491666666015625 0.87222222265625 0.4875 0.87037037109375 0.4828125
0 0.89907407421875 0.553125 0.89907407421875 0.5578125 0.9018518515625 0.555208333984375 0.89907407421875 0.553125
0 0.9018518515625 0.559895833984375 0.9018518515625 0.5625 0.90462962890625 0.561979166015625 0.9018518515625 0.559895833984375
0 0.97407407421875 0.6171875 0.9768518515625 0.610416666015625 0.9768518515625 0.5953125 0.97407407421875 0.589583333984375 0.964814814453125 0.585416666015625 0.961111111328125 0.569270833984375 0.94537037109375 0.564583333984375 0.933333333984375 0.5640625 0.9268518515625 0.565625 0.92037037109375 0.571354166015625 0.9194444453125 0.622395833984375 0.915740740234375 0.625 0.910185185546875 0.616666666015625 0.906481482421875 0.615104166015625 0.9018518515625 0.615625 0.8944444453125 0.6203125 0.8944444453125 0.645833333984375 0.890740740234375 0.654166666015625 0.8944444453125 0.658333333984375 0.9018518515625 0.6609375 0.937962962890625 0.661458333984375 0.942592591796875 0.658333333984375 0.94537037109375 0.645833333984375 0.964814814453125 0.643229166015625 0.967592591796875 0.6296875 0.978703703125 0.624479166015625 0.978703703125 0.621354166015625 0.97407407421875 0.6171875
0 0.789814814453125 0.300520833984375 0.79907407421875 0.294270833984375 0.79907407421875 0.288020833984375 0.790740740234375 0.2828125 0.789814814453125 0.261979166015625 0.757407408203125 0.259375 0.753703703125 0.232291666015625 0.742592591796875 0.2296875 0.737962962890625 0.224479166015625 0.6694444453125 0.219791666015625 0.664814814453125 0.226041666015625 0.664814814453125 0.238541666015625 0.6694444453125 0.246875 0.6694444453125 0.273958333984375 0.67222222265625 0.28125 0.67962962890625 0.2875 0.689814814453125 0.288020833984375 0.6944444453125 0.291666666015625 0.7 0.2890625 0.708333333984375 0.294270833984375 0.70462962890625 0.303645833984375 0.69537037109375 0.299479166015625 0.688888888671875 0.305729166015625 0.67222222265625 0.3125 0.6694444453125 0.324479166015625 0.664814814453125 0.330208333984375 0.662962962890625 0.347916666015625 0.664814814453125 0.350520833984375 0.678703703125 0.352604166015625 0.688888888671875 0.35625 0.737037037109375 0.356770833984375 0.74907407421875 0.352604166015625 0.75 0.3390625 0.7555555546875 0.332291666015625 0.767592591796875 0.328125 0.785185185546875 0.3265625 0.789814814453125 0.323958333984375 0.789814814453125 0.300520833984375
0 1 0.441666666015625 0.9944444453125 0.436458333984375 0.992592591796875 0.4234375 0.97962962890625 0.422395833984375 0.97407407421875 0.418229166015625 0.967592591796875 0.4046875 0.961111111328125 0.402083333984375 0.9518518515625 0.4015625 0.94722222265625 0.405729166015625 0.94722222265625 0.4125 0.9555555546875 0.421354166015625 0.956481482421875 0.445833333984375 0.9518518515625 0.450520833984375 0.9518518515625 0.45625 0.942592591796875 0.458333333984375 0.941666666015625 0.4609375 0.936111111328125 0.461979166015625 0.931481482421875 0.477604166015625 0.95 0.480208333984375 0.967592591796875 0.479166666015625 0.97037037109375 0.46875 0.97407407421875 0.465625 0.978703703125 0.463541666015625 0.992592591796875 0.463020833984375 0.9944444453125 0.445833333984375 1 0.44375 1 0.441666666015625
0 0.914814814453125 0.569270833984375 0.8944444453125 0.566666666015625 0.89537037109375 0.5625 0.892592591796875 0.563020833984375 0.889814814453125 0.5609375 0.889814814453125 0.559375 0.89537037109375 0.559375 0.892592591796875 0.551041666015625 0.886111111328125 0.548958333984375 0.883333333984375 0.54375 0.8694444453125 0.5421875 0.862962962890625 0.54375 0.867592591796875 0.547916666015625 0.87037037109375 0.549479166015625 0.883333333984375 0.550520833984375 0.887962962890625 0.553125 0.887962962890625 0.558333333984375 0.89722222265625 0.574479166015625 0.891666666015625 0.577083333984375 0.887962962890625 0.5765625 0.885185185546875 0.579166666015625 0.881481482421875 0.598958333984375 0.864814814453125 0.602604166015625 0.858333333984375 0.60625 0.853703703125 0.622395833984375 0.846296296875 0.625 0.828703703125 0.626041666015625 0.828703703125 0.63125 0.839814814453125 0.6375 0.887962962890625 0.6375 0.892592591796875 0.635416666015625 0.8944444453125 0.619270833984375 0.908333333984375 0.613541666015625 0.916666666015625 0.6140625 0.9194444453125 0.611458333984375 0.9194444453125 0.571354166015625 0.914814814453125 0.569270833984375
0 0.90277777734375 0.3875 0.910185185546875 0.385416666015625 0.910185185546875 0.381770833984375 0.9018518515625 0.377604166015625 0.89907407421875 0.366666666015625 0.8944444453125 0.363541666015625 0.883333333984375 0.3640625 0.881481482421875 0.360416666015625 0.875 0.3578125 0.862962962890625 0.331770833984375 0.853703703125 0.328125 0.836111111328125 0.3265625 0.817592591796875 0.327083333984375 0.811111111328125 0.331770833984375 0.811111111328125 0.342708333984375 0.82407407421875 0.356770833984375 0.82222222265625 0.368229166015625 0.82592592578125 0.372395833984375 0.82592592578125 0.379166666015625 0.82222222265625 0.386979166015625 0.82037037109375 0.405729166015625 0.808333333984375 0.415104166015625 0.808333333984375 0.424479166015625 0.8194444453125 0.433333333984375 0.866666666015625 0.432291666015625 0.8694444453125 0.4296875 0.8694444453125 0.415104166015625 0.87407407421875 0.413020833984375 0.8944444453125 0.4125 0.89722222265625 0.409895833984375 0.9 0.390625 0.90277777734375 0.3875
0 0.72222222265625 0.480729166015625 0.74907407421875 0.480208333984375 0.753703703125 0.466666666015625 0.7518518515625 0.454166666015625 0.7555555546875 0.4515625 0.760185185546875 0.453125 0.762962962890625 0.44375 0.756481482421875 0.439583333984375 0.758333333984375 0.4359375 0.753703703125 0.4265625 0.753703703125 0.414583333984375 0.74537037109375 0.4125 0.725 0.411979166015625 0.725 0.390104166015625 0.717592591796875 0.383854166015625 0.6805555546875 0.3796875 0.656481482421875 0.3796875 0.6518518515625 0.38125 0.65092592578125 0.3921875 0.6305555546875 0.394270833984375 0.62407407421875 0.3984375 0.62407407421875 0.425520833984375 0.62037037109375 0.440104166015625 0.625 0.469270833984375 0.62407407421875 0.490104166015625 0.62592592578125 0.4921875 0.64907407421875 0.492708333984375 0.6518518515625 0.494270833984375 0.656481482421875 0.4984375 0.656481482421875 0.511458333984375 0.661111111328125 0.516666666015625 0.683333333984375 0.516666666015625 0.692592591796875 0.515104166015625 0.7 0.5125 0.707407408203125 0.5125 0.711111111328125 0.509895833984375 0.711111111328125 0.494270833984375 0.714814814453125 0.4921875 0.717592591796875 0.4828125 0.72222222265625 0.480729166015625
0 0.586111111328125 0.422916666015625 0.590740740234375 0.4234375 0.59537037109375 0.4265625 0.59907407421875 0.425 0.592592591796875 0.4234375 0.589814814453125 0.419270833984375 0.6 0.419791666015625 0.6 0.4140625 0.59722222265625 0.4125 0.590740740234375 0.414583333984375 0.586111111328125 0.422916666015625
0 0.653703703125 0.3534375 0.656481482421875 0.325520833984375 0.664814814453125 0.322395833984375 0.667592591796875 0.319270833984375 0.67222222265625 0.306770833984375 0.686111111328125 0.3046875 0.690740740234375 0.296354166015625 0.689814814453125 0.290104166015625 0.67222222265625 0.286458333984375 0.667592591796875 0.275 0.653703703125 0.2671875 0.656481482421875 0.255729166015625 0.653703703125 0.249479166015625 0.653703703125 0.225520833984375 0.642592591796875 0.221354166015625 0.59722222265625 0.21875 0.54537037109375 0.21875 0.542592591796875 0.220833333984375 0.542592591796875 0.246875 0.54537037109375 0.267708333984375 0.5518518515625 0.269791666015625 0.588888888671875 0.2703125 0.6018518515625 0.275520833984375 0.6018518515625 0.280208333984375 0.6055555546875 0.284375 0.6055555546875 0.292708333984375 0.6018518515625 0.2984375 0.603703703125 0.311458333984375 0.6018518515625 0.316145833984375 0.59537037109375 0.320833333984375 0.59537037109375 0.325 0.603703703125 0.331770833984375 0.615740740234375 0.332291666015625 0.62407407421875 0.34375 0.636111111328125 0.344791666015625 0.64722222265625 0.352083333984375 0.6444444453125 0.361458333984375 0.631481482421875 0.365625 0.628703703125 0.368229166015625 0.628703703125 0.388020833984375 0.633333333984375 0.3921875 0.64722222265625 0.391666666015625 0.6518518515625 0.367708333984375 0.6555555546875 0.363020833984375 0.6555555546875 0.359895833984375 0.64907407421875 0.356770833984375 0.653703703125 0.356145833984375 0.64907407421875 0.353645833984375 0.653703703125 0.3534375
0 0.833333333984375 0.543229166015625 0.836111111328125 0.527604166015625 0.840740740234375 0.525520833984375 0.84722222265625 0.525520833984375 0.84907407421875 0.520833333984375 0.84722222265625 0.515104166015625 0.839814814453125 0.5125 0.837962962890625 0.508854166015625 0.840740740234375 0.49375 0.837962962890625 0.4890625 0.833333333984375 0.488020833984375 0.833333333984375 0.486458333984375 0.8231481484375 0.488020833984375 0.807407408203125 0.4859375 0.808333333984375 0.469791666015625 0.8055555546875 0.463020833984375 0.781481482421875 0.4609375 0.760185185546875 0.463020833984375 0.753703703125 0.469270833984375 0.7518518515625 0.480729166015625 0.7481481484375 0.4828125 0.736111111328125 0.483333333984375 0.733333333984375 0.484895833984375 0.731481482421875 0.508854166015625 0.7268518515625 0.519270833984375 0.731481482421875 0.55625 0.725 0.5640625 0.725 0.575520833984375 0.728703703125 0.579166666015625 0.736111111328125 0.580208333984375 0.7694444453125 0.5796875 0.778703703125 0.579166666015625 0.8 0.572916666015625 0.803703703125 0.563541666015625 0.79907407421875 0.550520833984375 0.80462962890625 0.548958333984375 0.8231481484375 0.5484375 0.833333333984375 0.543229166015625
0 0.94722222265625 0.400520833984375 0.943518517578125 0.397395833984375 0.9305555546875 0.39375 0.92222222265625 0.3890625 0.908333333984375 0.388020833984375 0.9 0.391666666015625 0.89722222265625 0.405729166015625 0.892592591796875 0.411979166015625 0.883333333984375 0.413541666015625 0.878703703125 0.41875 0.8768518515625 0.46875 0.881481482421875 0.475 0.893518517578125 0.477604166015625 0.9194444453125 0.478645833984375 0.933333333984375 0.477604166015625 0.939814814453125 0.475520833984375 0.940740740234375 0.477604166015625 0.94537037109375 0.477604166015625 0.94722222265625 0.4609375 0.953703703125 0.456770833984375 0.953703703125 0.450520833984375 0.958333333984375 0.4421875 0.9555555546875 0.41875 0.94722222265625 0.411979166015625 0.94722222265625 0.400520833984375
0 0.82407407421875 0.372916666015625 0.8194444453125 0.368229166015625 0.82222222265625 0.360416666015625 0.82037037109375 0.352083333984375 0.817592591796875 0.350520833984375 0.792592591796875 0.3484375 0.787962962890625 0.3375 0.783333333984375 0.335416666015625 0.781481482421875 0.331770833984375 0.7694444453125 0.329166666015625 0.762962962890625 0.330729166015625 0.7518518515625 0.338541666015625 0.7518518515625 0.35 0.74722222265625 0.3546875 0.737037037109375 0.3578125 0.712962962890625 0.358333333984375 0.706481482421875 0.360416666015625 0.703703703125 0.363020833984375 0.703703703125 0.378645833984375 0.717592591796875 0.381770833984375 0.7268518515625 0.3875 0.728703703125 0.403125 0.732407408203125 0.409895833984375 0.74907407421875 0.411458333984375 0.7555555546875 0.414583333984375 0.756481482421875 0.431770833984375 0.760185185546875 0.4359375 0.762962962890625 0.4375 0.7768518515625 0.436979166015625 0.781481482421875 0.433854166015625 0.781481482421875 0.413541666015625 0.8055555546875 0.411979166015625 0.817592591796875 0.405729166015625 0.8194444453125 0.385416666015625 0.82407407421875 0.380208333984375 0.82407407421875 0.372916666015625
0 0.47407407421875 0.650520833984375 0.4768518515625 0.642708333984375 0.47592592578125 0.616666666015625 0.489814814453125 0.613020833984375 0.49722222265625 0.594270833984375 0.5 0.592708333984375 0.510185185546875 0.592708333984375 0.52407407421875 0.5859375 0.52407407421875 0.577604166015625 0.52222222265625 0.573958333984375 0.512962962890625 0.567708333984375 0.512037037109375 0.559375 0.50277777734375 0.558854166015625 0.490740740234375 0.555208333984375 0.483333333984375 0.547395833984375 0.481481482421875 0.5296875 0.478703703125 0.526041666015625 0.483333333984375 0.519791666015625 0.483333333984375 0.5140625 0.4944444453125 0.510416666015625 0.4944444453125 0.508854166015625 0.478703703125 0.50625 0.4805555546875 0.4765625 0.4768518515625 0.471354166015625 0.4694444453125 0.46875 0.4555555546875 0.4671875 0.403703703125 0.465104166015625 0.37407407421875 0.4703125 0.37222222265625 0.498958333984375 0.34907407421875 0.5015625 0.337962962890625 0.5046875 0.331481482421875 0.5078125 0.3268518515625 0.515104166015625 0.32037037109375 0.6109375 0.32222222265625 0.7 0.32407407421875 0.706770833984375 0.328703703125 0.708854166015625 0.340740740234375 0.705729166015625 0.367592591796875 0.702604166015625 0.42222222265625 0.7 0.4305555546875 0.697916666015625 0.439814814453125 0.691666666015625 0.439814814453125 0.6671875 0.436111111328125 0.6625 0.439814814453125 0.659375 0.467592591796875 0.655208333984375 0.47407407421875 0.650520833984375
0 0.533333333984375 0.588020833984375 0.535185185546875 0.586458333984375 0.536111111328125 0.581770833984375 0.531481482421875 0.5796875 0.535185185546875 0.575 0.533333333984375 0.573958333984375 0.5305555546875 0.575 0.528703703125 0.586458333984375 0.533333333984375 0.588020833984375
0 0.52407407421875 0.5125 0.537962962890625 0.514583333984375 0.537962962890625 0.5125 0.533333333984375 0.511458333984375 0.52407407421875 0.5125
0 1 0.540104166015625 0.988888888671875 0.524479166015625 0.9694444453125 0.521354166015625 0.9518518515625 0.521875 0.94907407421875 0.525 0.94907407421875 0.545833333984375 0.9518518515625 0.5625 0.962962962890625 0.567708333984375 0.965740740234375 0.578125 0.9694444453125 0.581770833984375 0.984259259765625 0.588020833984375 0.986111111328125 0.59375 0.989814814453125 0.593229166015625 0.989814814453125 0.5904515625 0.985185185546875 0.588541666015625 0.989814814453125 0.5876734375 1 0.572916666015625 1 0.540104166015625