0 0.797395833984375 0.639814814453125 0.8 0.637037037109375 0.8015625 0.62962962890625 0.8 0.618518517578125 0.771354166015625 0.616666666015625 0.7671875 0.612037037109375 0.758333333984375 0.614814814453125 0.756770833984375 0.618518517578125 0.75625 0.6305555546875 0.7578125 0.634259259765625 0.7734375 0.634259259765625 0.797395833984375 0.639814814453125
0 0.6578125 0.585185185546875 0.665625 0.585185185546875 0.677083333984375 0.589814814453125 0.68125 0.587037037109375 0.683333333984375 0.57777777734375 0.682291666015625 0.571296296875 0.677083333984375 0.568518517578125 0.653645833984375 0.566666666015625 0.65 0.563888888671875 0.6453125 0.564814814453125 0.642708333984375 0.568518517578125 0.642708333984375 0.578703703125 0.644791666015625 0.582407408203125 0.655729166015625 0.582407408203125 0.6578125 0.585185185546875
0 0.410416666015625 0.612037037109375 0.419791666015625 0.616666666015625 0.425520833984375 0.613888888671875 0.429166666015625 0.60092592578125 0.428645833984375 0.596296296875 0.4265625 0.5944444453125 0.4015625 0.593518517578125 0.397916666015625 0.589814814453125 0.390104166015625 0.593518517578125 0.386979166015625 0.59907407421875 0.386979166015625 0.6055555546875 0.3890625 0.609259259765625 0.410416666015625 0.612037037109375
0 0.71875 0.657407408203125 0.724479166015625 0.65092592578125 0.725520833984375 0.643518517578125 0.725 0.637037037109375 0.7109375 0.637037037109375 0.705208333984375 0.632407408203125 0.694270833984375 0.6305555546875 0.684895833984375 0.6305555546875 0.681770833984375 0.637037037109375 0.681770833984375 0.6481481484375 0.683854166015625 0.65092592578125 0.710416666015625 0.65277777734375 0.71875 0.657407408203125
0 0.2734375 0.5481481484375 0.275520833984375 0.543518517578125 0.274479166015625 0.534259259765625 0.268229166015625 0.534259259765625 0.2609375 0.52777777734375 0.256770833984375 0.52777777734375 0.251041666015625 0.521296296875 0.24375 0.521296296875 0.2390625 0.52777777734375 0.238541666015625 0.537962962890625 0.261458333984375 0.546296296875 0.265104166015625 0.55092592578125 0.2734375 0.5481481484375
0 0.338541666015625 0.55277777734375 0.346354166015625 0.557407408203125 0.3515625 0.5555555546875 0.356770833984375 0.543518517578125 0.35625 0.538888888671875 0.345833333984375 0.538888888671875 0.328125 0.52962962890625 0.3203125 0.5305555546875 0.316145833984375 0.537962962890625 0.316145833984375 0.5481481484375 0.327604166015625 0.5481481484375 0.3328125 0.55277777734375 0.338541666015625 0.55277777734375
0 0.1953125 0.484259259765625 0.198958333984375 0.4805555546875 0.2 0.47592592578125 0.1984375 0.4694444453125 0.190104166015625 0.466666666015625 0.176041666015625 0.45092592578125 0.1703125 0.45277777734375 0.164583333984375 0.460185185546875 0.165104166015625 0.468518517578125 0.171354166015625 0.4694444453125 0.188020833984375 0.487037037109375 0.1953125 0.484259259765625
0 0.861979166015625 0.7305555546875 0.8734375 0.72962962890625 0.878645833984375 0.716666666015625 0.878125 0.712037037109375 0.847916666015625 0.710185185546875 0.841666666015625 0.70277777734375 0.834895833984375 0.7055555546875 0.831770833984375 0.710185185546875 0.83125 0.7231481484375 0.846354166015625 0.7231481484375 0.8515625 0.72777777734375 0.861979166015625 0.7305555546875
0 0.829166666015625 0.67962962890625 0.833854166015625 0.668518517578125 0.833854166015625 0.660185185546875 0.83125 0.657407408203125 0.8171875 0.657407408203125 0.810416666015625 0.65277777734375 0.800520833984375 0.65092592578125 0.794791666015625 0.65092592578125 0.789583333984375 0.657407408203125 0.7890625 0.668518517578125 0.791666666015625 0.671296296875 0.808854166015625 0.6731481484375 0.829166666015625 0.67962962890625
0 0.375520833984375 0.588888888671875 0.380729166015625 0.588888888671875 0.386458333984375 0.57777777734375 0.386458333984375 0.571296296875 0.384895833984375 0.5694444453125 0.370833333984375 0.568518517578125 0.3671875 0.564814814453125 0.355729166015625 0.562037037109375 0.350520833984375 0.562037037109375 0.346354166015625 0.568518517578125 0.344270833984375 0.5731481484375 0.3484375 0.582407408203125 0.3609375 0.582407408203125 0.375520833984375 0.588888888671875
0 0.305208333984375 0.57407407421875 0.3046875 0.566666666015625 0.2921875 0.562037037109375 0.273958333984375 0.560185185546875 0.266145833984375 0.563888888671875 0.266145833984375 0.5731481484375 0.282291666015625 0.5805555546875 0.302083333984375 0.582407408203125 0.305208333984375 0.57407407421875
0 0.5046875 0.57592592578125 0.509375 0.563888888671875 0.509375 0.559259259765625 0.505208333984375 0.5555555546875 0.496875 0.557407408203125 0.490104166015625 0.55277777734375 0.481770833984375 0.55277777734375 0.4765625 0.5481481484375 0.46875 0.55462962890625 0.467708333984375 0.568518517578125 0.490625 0.571296296875 0.5 0.57777777734375 0.5046875 0.57592592578125
0 0.244791666015625 0.4981481484375 0.253645833984375 0.50092592578125 0.261458333984375 0.507407408203125 0.26875 0.50092592578125 0.2703125 0.493518517578125 0.269270833984375 0.488888888671875 0.263020833984375 0.488888888671875 0.244791666015625 0.47592592578125 0.238541666015625 0.47592592578125 0.234895833984375 0.4805555546875 0.230729166015625 0.487037037109375 0.232291666015625 0.493518517578125 0.241666666015625 0.493518517578125 0.244791666015625 0.4981481484375
0 0.729166666015625 0.6981481484375 0.73125 0.696296296875 0.734375 0.685185185546875 0.733333333984375 0.67777777734375 0.73125 0.67592592578125 0.723958333984375 0.67777777734375 0.717708333984375 0.671296296875 0.69375 0.671296296875 0.691145833984375 0.67407407421875 0.689583333984375 0.67962962890625 0.691145833984375 0.688888888671875 0.699479166015625 0.693518517578125 0.729166666015625 0.6981481484375
0 0.4453125 0.587037037109375 0.449479166015625 0.585185185546875 0.453645833984375 0.57777777734375 0.455208333984375 0.5694444453125 0.453645833984375 0.564814814453125 0.427083333984375 0.562037037109375 0.421875 0.559259259765625 0.413541666015625 0.565740740234375 0.411979166015625 0.571296296875 0.4125 0.57777777734375 0.441145833984375 0.582407408203125 0.4453125 0.587037037109375
0 0.403125 0.55277777734375 0.40625 0.55092592578125 0.4109375 0.538888888671875 0.409895833984375 0.532407408203125 0.400520833984375 0.534259259765625 0.382291666015625 0.52592592578125 0.375 0.52592592578125 0.369270833984375 0.533333333984375 0.36875 0.542592591796875 0.372395833984375 0.546296296875 0.388020833984375 0.546296296875 0.403125 0.55277777734375
0 0.591666666015625 0.634259259765625 0.59375 0.62592592578125 0.592708333984375 0.616666666015625 0.576041666015625 0.616666666015625 0.563541666015625 0.610185185546875 0.555729166015625 0.610185185546875 0.550520833984375 0.617592591796875 0.55 0.62962962890625 0.553645833984375 0.632407408203125 0.586979166015625 0.637037037109375 0.591666666015625 0.634259259765625
0 0.518229166015625 0.612037037109375 0.5234375 0.609259259765625 0.527083333984375 0.5944444453125 0.522395833984375 0.589814814453125 0.5109375 0.591666666015625 0.498958333984375 0.587037037109375 0.4875 0.587037037109375 0.484895833984375 0.591666666015625 0.483333333984375 0.596296296875 0.484895833984375 0.6055555546875 0.5 0.6055555546875 0.518229166015625 0.612037037109375
0 0.524479166015625 0.641666666015625 0.527083333984375 0.6305555546875 0.5265625 0.62592592578125 0.522395833984375 0.6231481484375 0.506770833984375 0.621296296875 0.503125 0.618518517578125 0.488020833984375 0.618518517578125 0.486458333984375 0.6231481484375 0.485416666015625 0.633333333984375 0.4890625 0.637037037109375 0.515104166015625 0.643518517578125 0.524479166015625 0.641666666015625
0 0.636979166015625 0.60277777734375 0.644791666015625 0.60277777734375 0.65 0.607407408203125 0.6546875 0.606481482421875 0.659895833984375 0.587037037109375 0.65625 0.584259259765625 0.631770833984375 0.582407408203125 0.6265625 0.57962962890625 0.618229166015625 0.581481482421875 0.616666666015625 0.596296296875 0.619270833984375 0.6 0.630208333984375 0.5981481484375 0.636979166015625 0.60277777734375