0 0.398958333984375 0.17592592578125 0.394791666015625 0.171296296875 0.388541666015625 0.1731481484375 0.386458333984375 0.1768518515625 0.3859375 0.182407408203125 0.389583333984375 0.188888888671875 0.4 0.185185185546875 0.398958333984375 0.17592592578125
0 0.524479166015625 0.996296296875 0.540625 0.9981481484375 0.559375 0.9944444453125 0.565625 0.9981481484375 0.591145833984375 0.9981481484375 0.591666666015625 0.993518517578125 0.589583333984375 0.990740740234375 0.586979166015625 0.9768518515625 0.5890625 0.9731481484375 0.605729166015625 0.975 0.609895833984375 0.968518517578125 0.611979166015625 0.959259259765625 0.6125 0.9444444453125 0.609375 0.92777777734375 0.605208333984375 0.916666666015625 0.594791666015625 0.912037037109375 0.588020833984375 0.89907407421875 0.580208333984375 0.889814814453125 0.5515625 0.889814814453125 0.522395833984375 0.9055555546875 0.515104166015625 0.913888888671875 0.514583333984375 0.917592591796875 0.517708333984375 0.92777777734375 0.520833333984375 0.984259259765625 0.524479166015625 0.996296296875
0 0.428645833984375 0.3694444453125 0.442708333984375 0.371296296875 0.44375 0.357407408203125 0.442708333984375 0.35092592578125 0.438020833984375 0.341666666015625 0.4359375 0.3231481484375 0.43125 0.321296296875 0.428645833984375 0.32592592578125 0.4203125 0.3231481484375 0.416145833984375 0.32777777734375 0.411458333984375 0.32407407421875 0.408333333984375 0.32592592578125 0.407291666015625 0.338888888671875 0.4125 0.35092592578125 0.413020833984375 0.3731481484375 0.428645833984375 0.3694444453125
0 0.400520833984375 0.207407408203125 0.401041666015625 0.193518517578125 0.398958333984375 0.188888888671875 0.3890625 0.188888888671875 0.389583333984375 0.20462962890625 0.39375 0.209259259765625 0.400520833984375 0.207407408203125
0 0.411979166015625 0.241666666015625 0.4109375 0.22407407421875 0.405208333984375 0.218518517578125 0.399479166015625 0.218518517578125 0.396354166015625 0.2231481484375 0.3953125 0.2305555546875 0.397395833984375 0.238888888671875 0.4 0.241666666015625 0.411979166015625 0.241666666015625
0 0.428645833984375 0.3 0.428645833984375 0.285185185546875 0.425520833984375 0.278703703125 0.423958333984375 0.266666666015625 0.415104166015625 0.263888888671875 0.4109375 0.266666666015625 0.402083333984375 0.266666666015625 0.401041666015625 0.27962962890625 0.4046875 0.30092592578125 0.4140625 0.2981481484375 0.428645833984375 0.3
0 0.4375 0.5 0.4375 0.543518517578125 0.439583333984375 0.557407408203125 0.447916666015625 0.559259259765625 0.451041666015625 0.5555555546875 0.468229166015625 0.55462962890625 0.475520833984375 0.546296296875 0.484895833984375 0.546296296875 0.4875 0.543518517578125 0.4875 0.5231481484375 0.478125 0.518518517578125 0.475 0.509259259765625 0.472916666015625 0.490740740234375 0.472395833984375 0.460185185546875 0.468229166015625 0.45092592578125 0.4640625 0.45092592578125 0.455729166015625 0.457407408203125 0.430729166015625 0.457407408203125 0.429166666015625 0.460185185546875 0.430208333984375 0.481481482421875 0.435416666015625 0.489814814453125 0.4375 0.5
0 0.37890625 0.09765625 0.0078125 0.009765625
0 0.380859375 0.1123046875 0.0048828125 0.009765625
0 0.3876953125 0.130859375 0.0107421875 0.0107421875
0 0.3876953125 0.142578125 0.0087890625 0.009765625