0 0.395833333984375 0.382407408203125 0.4 0.385185185546875 0.422916666015625 0.385185185546875 0.4265625 0.382407408203125 0.427604166015625 0.362037037109375 0.419791666015625 0.340740740234375 0.4203125 0.32407407421875 0.418229166015625 0.318518517578125 0.4125 0.316666666015625 0.411458333984375 0.3055555546875 0.396354166015625 0.307407408203125 0.394791666015625 0.314814814453125 0.3890625 0.3231481484375 0.3890625 0.342592591796875 0.393229166015625 0.358333333984375 0.39375 0.37592592578125 0.395833333984375 0.382407408203125
0 0.443229166015625 0.238888888671875 0.4578125 0.241666666015625 0.468229166015625 0.239814814453125 0.469791666015625 0.237037037109375 0.469791666015625 0.2194444453125 0.463541666015625 0.210185185546875 0.4640625 0.193518517578125 0.4578125 0.186111111328125 0.457291666015625 0.1805555546875 0.443229166015625 0.1805555546875 0.4421875 0.188888888671875 0.438020833984375 0.191666666015625 0.4375 0.208333333984375 0.441666666015625 0.218518517578125 0.441666666015625 0.234259259765625 0.443229166015625 0.238888888671875
0 0.347916666015625 0 0.345833333984375 0.0055555546875 0.3453125 0.021296296875 0.348958333984375 0.032407408203125 0.366145833984375 0.032407408203125 0.369791666015625 0.02962962890625 0.369791666015625 0.0194444453125 0.366666666015625 0 0.347916666015625 0
0 0.528645833984375 0.614814814453125 0.53125 0.641666666015625 0.535416666015625 0.656481482421875 0.5375 0.659259259765625 0.563541666015625 0.659259259765625 0.573958333984375 0.65462962890625 0.575 0.643518517578125 0.572916666015625 0.6231481484375 0.56875 0.614814814453125 0.5625 0.612962962890625 0.561458333984375 0.5981481484375 0.553125 0.584259259765625 0.5546875 0.5694444453125 0.553645833984375 0.560185185546875 0.544791666015625 0.557407408203125 0.543229166015625 0.543518517578125 0.5234375 0.543518517578125 0.521354166015625 0.546296296875 0.521354166015625 0.559259259765625 0.514583333984375 0.566666666015625 0.514583333984375 0.581481482421875 0.522916666015625 0.5944444453125 0.525 0.606481482421875 0.528645833984375 0.614814814453125
0 0.391145833984375 0.160185185546875 0.391666666015625 0.15092592578125 0.3875 0.136111111328125 0.386979166015625 0.121296296875 0.377604166015625 0.112037037109375 0.369270833984375 0.112037037109375 0.3625 0.12222222265625 0.3625 0.14907407421875 0.365104166015625 0.163888888671875 0.386979166015625 0.163888888671875 0.391145833984375 0.160185185546875
0 0.404166666015625 0.5055555546875 0.4109375 0.512037037109375 0.436458333984375 0.507407408203125 0.4375 0.482407408203125 0.4359375 0.47592592578125 0.43125 0.47222222265625 0.429166666015625 0.460185185546875 0.426041666015625 0.4555555546875 0.427604166015625 0.439814814453125 0.424479166015625 0.42962962890625 0.41875 0.42777777734375 0.4171875 0.418518517578125 0.414583333984375 0.414814814453125 0.40625 0.414814814453125 0.399479166015625 0.416666666015625 0.399479166015625 0.42777777734375 0.3921875 0.432407408203125 0.391145833984375 0.446296296875 0.399479166015625 0.461111111328125 0.4 0.496296296875 0.404166666015625 0.5055555546875
0 0.440104166015625 0.046296296875 0.441145833984375 0.035185185546875 0.438020833984375 0.0268518515625 0.4375 0.018518517578125 0.43125 0.007407408203125 0.420833333984375 0.007407408203125 0.4171875 0.013888888671875 0.416666666015625 0.02962962890625 0.418229166015625 0.043518517578125 0.420833333984375 0.0481481484375 0.440104166015625 0.046296296875
0 0.384895833984375 0.0981481484375 0.3859375 0.087037037109375 0.3828125 0.063888888671875 0.376041666015625 0.05277777734375 0.365104166015625 0.0555555546875 0.359895833984375 0.0731481484375 0.359375 0.086111111328125 0.3625 0.10092592578125 0.38125 0.10092592578125 0.384895833984375 0.0981481484375
0 0.448958333984375 0.3481481484375 0.450520833984375 0.386111111328125 0.45625 0.388888888671875 0.480729166015625 0.387037037109375 0.4828125 0.3805555546875 0.481770833984375 0.362037037109375 0.480729166015625 0.357407408203125 0.477083333984375 0.3555555546875 0.473958333984375 0.3481481484375 0.473958333984375 0.32407407421875 0.468229166015625 0.321296296875 0.466145833984375 0.310185185546875 0.449479166015625 0.311111111328125 0.4484375 0.321296296875 0.443229166015625 0.32592592578125 0.443229166015625 0.338888888671875 0.448958333984375 0.3481481484375
0 0.458854166015625 0.563888888671875 0.463541666015625 0.57962962890625 0.473958333984375 0.584259259765625 0.489583333984375 0.582407408203125 0.5 0.57777777734375 0.500520833984375 0.568518517578125 0.497395833984375 0.546296296875 0.489583333984375 0.539814814453125 0.4875 0.52777777734375 0.48125 0.52037037109375 0.48125 0.4981481484375 0.4796875 0.4944444453125 0.472916666015625 0.490740740234375 0.4703125 0.47777777734375 0.4515625 0.4805555546875 0.45 0.4944444453125 0.44375 0.50092592578125 0.44375 0.515740740234375 0.452083333984375 0.52407407421875 0.458333333984375 0.55092592578125 0.458854166015625 0.563888888671875
0 0.407291666015625 0.15462962890625 0.425 0.15462962890625 0.430208333984375 0.15092592578125 0.4296875 0.132407408203125 0.426041666015625 0.125 0.425 0.113888888671875 0.420833333984375 0.112037037109375 0.418229166015625 0.10277777734375 0.406770833984375 0.10277777734375 0.40625 0.109259259765625 0.4015625 0.114814814453125 0.4015625 0.12777777734375 0.4046875 0.134259259765625 0.405208333984375 0.15 0.407291666015625 0.15462962890625
0 0.4421875 0.12962962890625 0.4453125 0.132407408203125 0.466666666015625 0.1305555546875 0.466666666015625 0.116666666015625 0.463541666015625 0.109259259765625 0.4609375 0.093518517578125 0.453645833984375 0.082407408203125 0.444270833984375 0.082407408203125 0.4421875 0.085185185546875 0.4375 0.0944444453125 0.4375 0.107407408203125 0.441145833984375 0.116666666015625 0.4421875 0.12962962890625
0 0.405729166015625 0.259259259765625 0.407291666015625 0.25462962890625 0.407291666015625 0.2444444453125 0.403125 0.228703703125 0.403125 0.212037037109375 0.401041666015625 0.207407408203125 0.397395833984375 0.2055555546875 0.39375 0.1944444453125 0.384895833984375 0.1944444453125 0.375520833984375 0.210185185546875 0.375 0.240740740234375 0.377604166015625 0.258333333984375 0.384375 0.262037037109375 0.405729166015625 0.259259259765625