0 0.0305555546875 0.686458333984375 0.0305555546875 0.692708333984375 0.038888888671875 0.695833333984375 0.04722222265625 0.696354166015625 0.05462962890625 0.694791666015625 0.0555555546875 0.686458333984375 0.05277777734375 0.682291666015625 0.037037037109375 0.681770833984375 0.0305555546875 0.686458333984375
0 0.6981481484375 0.2203125 0.696296296875 0.2296875 0.687037037109375 0.2328125 0.688888888671875 0.247916666015625 0.6805555546875 0.25625 0.67777777734375 0.265104166015625 0.6731481484375 0.269270833984375 0.668518517578125 0.289583333984375 0.660185185546875 0.29375 0.6555555546875 0.300520833984375 0.6555555546875 0.306770833984375 0.665740740234375 0.313020833984375 0.67962962890625 0.3140625 0.69537037109375 0.311979166015625 0.710185185546875 0.30625 0.707407408203125 0.289583333984375 0.713888888671875 0.28125 0.713888888671875 0.275520833984375 0.7231481484375 0.265625 0.725 0.258854166015625 0.721296296875 0.250520833984375 0.738888888671875 0.242708333984375 0.741666666015625 0.225520833984375 0.7305555546875 0.21875 0.70092592578125 0.21875 0.6981481484375 0.2203125
0 0.116666666015625 0.681770833984375 0.112037037109375 0.66875 0.088888888671875 0.672916666015625 0.085185185546875 0.680208333984375 0.091666666015625 0.686979166015625 0.112962962890625 0.6859375 0.116666666015625 0.681770833984375
0 0.05 0.727083333984375 0.062962962890625 0.727083333984375 0.068518517578125 0.723958333984375 0.066666666015625 0.713020833984375 0.062037037109375 0.7109375 0.043518517578125 0.715104166015625 0.0444444453125 0.725 0.05 0.727083333984375
0 0.432407408203125 0.56875 0.4231481484375 0.572916666015625 0.416666666015625 0.5796875 0.40092592578125 0.581770833984375 0.4 0.586979166015625 0.391666666015625 0.589583333984375 0.391666666015625 0.6 0.39722222265625 0.604166666015625 0.410185185546875 0.60625 0.42407407421875 0.60625 0.42777777734375 0.6 0.435185185546875 0.595833333984375 0.443518517578125 0.59375 0.4481481484375 0.589583333984375 0.463888888671875 0.5859375 0.466666666015625 0.583854166015625 0.466666666015625 0.571354166015625 0.457407408203125 0.558854166015625 0.45277777734375 0.558333333984375 0.44537037109375 0.561458333984375 0.435185185546875 0.5625 0.432407408203125 0.56875
0 0.535185185546875 0.527083333984375 0.537037037109375 0.5375 0.52777777734375 0.540104166015625 0.521296296875 0.544270833984375 0.521296296875 0.5484375 0.514814814453125 0.555208333984375 0.496296296875 0.561458333984375 0.496296296875 0.565104166015625 0.488888888671875 0.56875 0.488888888671875 0.572916666015625 0.49722222265625 0.583333333984375 0.507407408203125 0.583333333984375 0.512037037109375 0.5859375 0.525 0.5859375 0.5305555546875 0.582291666015625 0.532407408203125 0.574479166015625 0.55092592578125 0.561979166015625 0.556481482421875 0.552604166015625 0.565740740234375 0.551041666015625 0.57592592578125 0.54375 0.57592592578125 0.533854166015625 0.563888888671875 0.51875 0.5555555546875 0.51875 0.543518517578125 0.525 0.535185185546875 0.527083333984375
0 0.42777777734375 0.6234375 0.425 0.625 0.412037037109375 0.625 0.409259259765625 0.6296875 0.3981481484375 0.633854166015625 0.40092592578125 0.644270833984375 0.4055555546875 0.6484375 0.416666666015625 0.650520833984375 0.42962962890625 0.650520833984375 0.435185185546875 0.644791666015625 0.4444444453125 0.640104166015625 0.458333333984375 0.6375 0.47592592578125 0.63125 0.47592592578125 0.620833333984375 0.471296296875 0.610416666015625 0.466666666015625 0.60625 0.4444444453125 0.608333333984375 0.441666666015625 0.609895833984375 0.441666666015625 0.6140625 0.42777777734375 0.619791666015625 0.42777777734375 0.6234375
0 0.05277777734375 0.708333333984375 0.067592591796875 0.709375 0.0731481484375 0.707291666015625 0.071296296875 0.694791666015625 0.062037037109375 0.694270833984375 0.05092592578125 0.696875 0.046296296875 0.704166666015625 0.05277777734375 0.708333333984375
0 0.112037037109375 0.706770833984375 0.138888888671875 0.706770833984375 0.137037037109375 0.6890625 0.12962962890625 0.688541666015625 0.118518517578125 0.690625 0.1055555546875 0.696354166015625 0.1055555546875 0.704166666015625 0.112037037109375 0.706770833984375
0 0.241666666015625 0.69375 0.246296296875 0.6984375 0.25462962890625 0.697395833984375 0.257407408203125 0.69375 0.27962962890625 0.692708333984375 0.284259259765625 0.686979166015625 0.27962962890625 0.670833333984375 0.266666666015625 0.671354166015625 0.2555555546875 0.6765625 0.239814814453125 0.678125 0.238888888671875 0.68125 0.232407408203125 0.683854166015625 0.233333333984375 0.692708333984375 0.241666666015625 0.69375
0 0.17592592578125 0.6578125 0.166666666015625 0.66875 0.168518517578125 0.672395833984375 0.178703703125 0.676041666015625 0.208333333984375 0.672916666015625 0.210185185546875 0.6625 0.2055555546875 0.654166666015625 0.1981481484375 0.653645833984375 0.17592592578125 0.6578125
0 0.313888888671875 0.6765625 0.325 0.6765625 0.35092592578125 0.672395833984375 0.360185185546875 0.66875 0.360185185546875 0.65625 0.3555555546875 0.645833333984375 0.341666666015625 0.646875 0.32407407421875 0.653645833984375 0.307407408203125 0.655208333984375 0.307407408203125 0.6578125 0.2981481484375 0.661458333984375 0.2981481484375 0.665104166015625 0.308333333984375 0.674479166015625 0.313888888671875 0.6765625
0 0.182407408203125 0.683333333984375 0.1731481484375 0.688020833984375 0.171296296875 0.695833333984375 0.17592592578125 0.7 0.1805555546875 0.701041666015625 0.209259259765625 0.7 0.213888888671875 0.697395833984375 0.212037037109375 0.682291666015625 0.209259259765625 0.680729166015625 0.182407408203125 0.683333333984375
0 0.3231481484375 0.596875 0.3231481484375 0.60625 0.3305555546875 0.609895833984375 0.335185185546875 0.609895833984375 0.341666666015625 0.613020833984375 0.35277777734375 0.613020833984375 0.360185185546875 0.606770833984375 0.37407407421875 0.605729166015625 0.387037037109375 0.602604166015625 0.388888888671875 0.585416666015625 0.382407408203125 0.577083333984375 0.364814814453125 0.579166666015625 0.35462962890625 0.5875 0.34722222265625 0.589583333984375 0.335185185546875 0.590104166015625 0.334259259765625 0.592708333984375 0.3231481484375 0.596875
0 0.59907407421875 0.419270833984375 0.5805555546875 0.430208333984375 0.582407408203125 0.441666666015625 0.5694444453125 0.448958333984375 0.568518517578125 0.455729166015625 0.560185185546875 0.463541666015625 0.557407408203125 0.469791666015625 0.55277777734375 0.4734375 0.546296296875 0.475 0.543518517578125 0.48125 0.537037037109375 0.483854166015625 0.535185185546875 0.488541666015625 0.546296296875 0.49375 0.54907407421875 0.498958333984375 0.553703703125 0.499479166015625 0.562037037109375 0.496875 0.565740740234375 0.499479166015625 0.5768518515625 0.499479166015625 0.585185185546875 0.4953125 0.582407408203125 0.488541666015625 0.60462962890625 0.463541666015625 0.6055555546875 0.4546875 0.621296296875 0.447916666015625 0.62777777734375 0.4375 0.62777777734375 0.432291666015625 0.6231481484375 0.427083333984375 0.610185185546875 0.41875 0.59907407421875 0.419270833984375
0 0.314814814453125 0.6359375 0.339814814453125 0.634895833984375 0.341666666015625 0.623958333984375 0.337037037109375 0.613020833984375 0.321296296875 0.611979166015625 0.306481482421875 0.615104166015625 0.288888888671875 0.615625 0.288888888671875 0.617708333984375 0.282407408203125 0.621354166015625 0.282407408203125 0.632291666015625 0.291666666015625 0.6375 0.303703703125 0.638020833984375 0.314814814453125 0.6359375
0 0.114814814453125 0.65625 0.114814814453125 0.664583333984375 0.1231481484375 0.668229166015625 0.134259259765625 0.66875 0.15 0.666145833984375 0.15092592578125 0.655208333984375 0.146296296875 0.649479166015625 0.125 0.650520833984375 0.114814814453125 0.65625
0 0.268518517578125 0.624479166015625 0.266666666015625 0.60625 0.262037037109375 0.6046875 0.246296296875 0.60625 0.243518517578125 0.609895833984375 0.22592592578125 0.613020833984375 0.218518517578125 0.6171875 0.218518517578125 0.626041666015625 0.22777777734375 0.63125 0.240740740234375 0.631770833984375 0.2481481484375 0.627083333984375 0.268518517578125 0.624479166015625
0 0.256481482421875 0.666666666015625 0.271296296875 0.666145833984375 0.27592592578125 0.663020833984375 0.275 0.651041666015625 0.271296296875 0.644791666015625 0.257407408203125 0.644270833984375 0.25 0.6484375 0.2305555546875 0.6515625 0.2305555546875 0.653645833984375 0.2231481484375 0.658333333984375 0.22777777734375 0.6671875 0.242592591796875 0.669270833984375 0.256481482421875 0.666666666015625
0 0.037037037109375 0.66875 0.034259259765625 0.6765625 0.038888888671875 0.680729166015625 0.053703703125 0.68125 0.060185185546875 0.679166666015625 0.060185185546875 0.66875 0.057407408203125 0.665104166015625 0.05 0.665104166015625 0.037037037109375 0.66875