0 0.287962962890625 0.200520833984375 0.287962962890625 0.208333333984375 0.289814814453125 0.2046875 0.287962962890625 0.200520833984375
0 0.29907407421875 0.2203125 0.3018518515625 0.221354166015625 0.3055555546875 0.217708333984375 0.3018518515625 0.211979166015625 0.29537037109375 0.216666666015625 0.2944444453125 0.21875 0.29722222265625 0.219270833984375 0.2944444453125 0.222916666015625 0.29907407421875 0.2203125
0 0.311111111328125 0.203125 0.308333333984375 0.206770833984375 0.314814814453125 0.2078125 0.315740740234375 0.204166666015625 0.314814814453125 0.202604166015625 0.311111111328125 0.203125
0 0.308333333984375 0.236458333984375 0.314814814453125 0.2359375 0.312962962890625 0.2328125 0.315740740234375 0.23125 0.307407408203125 0.230729166015625 0.309259259765625 0.226041666015625 0.3194444453125 0.225 0.315740740234375 0.219270833984375 0.312494677734375 0.21890565234375 0.311111111328125 0.225520833984375 0.306481482421875 0.225520833984375 0.3055555546875 0.223958333984375 0.2981481484375 0.227083333984375 0.290740740234375 0.224479166015625 0.286111111328125 0.227083333984375 0.2805555546875 0.235416666015625 0.286111111328125 0.240625 0.283333333984375 0.2453125 0.286111111328125 0.246875 0.290740740234375 0.259895833984375 0.29907407421875 0.259895833984375 0.303703703125 0.256770833984375 0.308333333984375 0.256770833984375 0.308333333984375 0.254166666015625 0.303703703125 0.252604166015625 0.3018518515625 0.240104166015625 0.308333333984375 0.238541666015625 0.308333333984375 0.236458333984375
0 0.32407407421875 0.221354166015625 0.328703703125 0.224479166015625 0.328703703125 0.21875 0.32407407421875 0.221354166015625
0 0.34537037109375 0.233854166015625 0.34722222265625 0.238541666015625 0.35092592578125 0.235416666015625 0.34537037109375 0.233854166015625
0 0.356481482421875 0.230729166015625 0.3518518515625 0.240104166015625 0.359259259765625 0.244270833984375 0.364814814453125 0.2421875 0.364814814453125 0.235416666015625 0.356481482421875 0.230729166015625
0 0.412962962890625 0.469270833984375 0.408333333984375 0.476041666015625 0.412962962890625 0.475520833984375 0.412962962890625 0.469270833984375
0 0.464814814453125 0.866666666015625 0.466666666015625 0.867708333984375 0.467592591796875 0.8640625 0.464814814453125 0.866666666015625
0 0.467592591796875 0.855729166015625 0.4694444453125 0.854166666015625 0.4694444453125 0.852083333984375 0.464814814453125 0.852604166015625 0.467592591796875 0.855729166015625
0 0.467592591796875 0.857291666015625 0.467592591796875 0.8625 0.4694444453125 0.860416666015625 0.467592591796875 0.857291666015625
0 0.485185185546875 0.829166666015625 0.483333333984375 0.8359375 0.485185185546875 0.8375 0.492592591796875 0.836979166015625 0.492592591796875 0.832291666015625 0.485185185546875 0.829166666015625
0 0.492592591796875 0.077604166015625 0.492592591796875 0.079166666015625 0.4944444453125 0.078125 0.492592591796875 0.077604166015625
0 0.5231481484375 0.85 0.52407407421875 0.838020833984375 0.517592591796875 0.829166666015625 0.510185185546875 0.828125 0.508333333984375 0.8390625 0.511111111328125 0.840104166015625 0.512962962890625 0.85 0.5231481484375 0.85
0 0.52037037109375 0.071354166015625 0.52037037109375 0.072916666015625 0.5268518515625 0.073958333984375 0.528703703125 0.072395833984375 0.5268518515625 0.070833333984375 0.52037037109375 0.071354166015625
0 0.533333333984375 0.855208333984375 0.536111111328125 0.8546875 0.539814814453125 0.845833333984375 0.533333333984375 0.8453125 0.533333333984375 0.855208333984375
0 0.540740740234375 0.080729166015625 0.5444444453125 0.079166666015625 0.542592591796875 0.075 0.539814814453125 0.077604166015625 0.540740740234375 0.080729166015625
0 0.558333333984375 0.853125 0.561111111328125 0.849479166015625 0.558333333984375 0.845833333984375 0.5518518515625 0.844270833984375 0.542592591796875 0.845833333984375 0.5444444453125 0.85 0.553703703125 0.854166666015625 0.558333333984375 0.853125
0 0.556481482421875 0.0953125 0.5444444453125 0.086458333984375 0.535185185546875 0.0890625 0.5194444453125 0.089583333984375 0.507407408203125 0.096875 0.503703703125 0.102604166015625 0.506481482421875 0.127604166015625 0.49907407421875 0.1375 0.49907407421875 0.155208333984375 0.503703703125 0.156770833984375 0.506481482421875 0.161979166015625 0.515740740234375 0.164583333984375 0.564814814453125 0.164583333984375 0.57222222265625 0.1609375 0.57407407421875 0.157291666015625 0.57407407421875 0.146354166015625 0.57222222265625 0.1375 0.565740740234375 0.127083333984375 0.564814814453125 0.105208333984375 0.556481482421875 0.0953125
0 0.583333333984375 0.214583333984375 0.586111111328125 0.2171875 0.586111111328125 0.2125 0.583333333984375 0.214583333984375
0 0.578703703125 0.8390625 0.5805555546875 0.85 0.586111111328125 0.85 0.586111111328125 0.84375 0.583333333984375 0.835416666015625 0.578703703125 0.8390625
0 0.586111111328125 0.992708333984375 0.586111111328125 0.984895833984375 0.583333333984375 0.98125 0.5694444453125 0.98125 0.567592591796875 0.986979166015625 0.562962962890625 0.984895833984375 0.561111111328125 0.98125 0.54907407421875 0.980208333984375 0.54722222265625 0.969791666015625 0.540740740234375 0.96875 0.534259259765625 0.970833333984375 0.531481482421875 0.965625 0.52407407421875 0.9625 0.49907407421875 0.961979166015625 0.481481482421875 0.963541666015625 0.486111111328125 0.9796875 0.492592591796875 0.984895833984375 0.49537037109375 0.991145833984375 0.5194444453125 0.998958333984375 0.5268518515625 0.996875 0.537037037109375 0.9984375 0.5444444453125 0.996354166015625 0.5555555546875 0.996875 0.557407408203125 0.994270833984375 0.5694444453125 0.989583333984375 0.5731481484375 0.990104166015625 0.575 0.99375 0.586111111328125 0.992708333984375
0 0.59722222265625 0.154166666015625 0.59907407421875 0.1515625 0.59537037109375 0.150520833984375 0.592592591796875 0.152083333984375 0.59722222265625 0.154166666015625
0 0.612962962890625 0.15 0.612962962890625 0.1515625 0.614814814453125 0.150520833984375 0.612962962890625 0.15
0 0.62407407421875 0.852083333984375 0.62222222265625 0.856770833984375 0.625 0.856770833984375 0.62407407421875 0.852083333984375
0 0.631481482421875 0.843229166015625 0.631481482421875 0.848958333984375 0.635185185546875 0.850520833984375 0.636111111328125 0.847916666015625 0.635185185546875 0.84375 0.631481482421875 0.843229166015625
0 0.64907407421875 0.8453125 0.64907407421875 0.848958333984375 0.6518518515625 0.850520833984375 0.658333333984375 0.85 0.658333333984375 0.8453125 0.64907407421875 0.8453125
0 0.662962962890625 0.46875 0.662962962890625 0.473958333984375 0.664814814453125 0.471354166015625 0.662962962890625 0.46875
0 0.6268518515625 0.752083333984375 0.6305555546875 0.716145833984375 0.628703703125 0.713020833984375 0.62222222265625 0.710416666015625 0.6305555546875 0.7046875 0.6305555546875 0.6939734375 0.658333333984375 0.695833333984375 0.6555555546875 0.691145833984375 0.662962962890625 0.693229166015625 0.667592591796875 0.681770833984375 0.667592591796875 0.671354166015625 0.664814814453125 0.668229166015625 0.664814814453125 0.654340103515625 0.660185185546875 0.652083333984375 0.67222222265625 0.6484375 0.67407407421875 0.631770833984375 0.678703703125 0.626041666015625 0.678703703125 0.616666666015625 0.67592592578125 0.6125 0.6694444453125 0.610416666015625 0.665740740234375 0.6109375 0.662962962890625 0.60625 0.656481482421875 0.6046875 0.653703703125 0.60625 0.653703703125 0.615625 0.64907407421875 0.622916666015625 0.6518518515625 0.6359375 0.633333333984375 0.636458333984375 0.631481482421875 0.594270833984375 0.6268518515625 0.570833333984375 0.628703703125 0.55625 0.625 0.5546875 0.62407407421875 0.549479166015625 0.6305555546875 0.539583333984375 0.631481482421875 0.527083333984375 0.631481482421875 0.480729166015625 0.628703703125 0.4703125 0.631481482421875 0.464583333984375 0.631481482421875 0.450520833984375 0.6268518515625 0.443229166015625 0.6268518515625 0.432291666015625 0.635185185546875 0.386979166015625 0.6305555546875 0.357291666015625 0.608333333984375 0.343229166015625 0.6055555546875 0.329166666015625 0.607407408203125 0.315625 0.62222222265625 0.311458333984375 0.631481482421875 0.305208333984375 0.631481482421875 0.290104166015625 0.628703703125 0.2859375 0.618518517578125 0.2875 0.6055555546875 0.286979166015625 0.6018518515625 0.283333333984375 0.612962962890625 0.28125 0.617592591796875 0.275 0.62407407421875 0.277604166015625 0.6305555546875 0.2765625 0.6268518515625 0.265625 0.631481482421875 0.263541666015625 0.628703703125 0.2578125 0.631481482421875 0.251041666015625 0.628703703125 0.246354166015625 0.62407407421875 0.2453125 0.611111111328125 0.255208333984375 0.606481482421875 0.252083333984375 0.608333333984375 0.248958333984375 0.60277777734375 0.2484375 0.587962962890625 0.238541666015625 0.585185185546875 0.227083333984375 0.581481482421875 0.225 0.581481482421875 0.211979166015625 0.57592592578125 0.203645833984375 0.5694444453125 0.203125 0.562037037109375 0.205729166015625 0.5518518515625 0.205208333984375 0.54907407421875 0.203125 0.553703703125 0.2 0.5518518515625 0.198958333984375 0.5444444453125 0.196354166015625 0.533333333984375 0.1953125 0.515740740234375 0.196354166015625 0.503703703125 0.205729166015625 0.486111111328125 0.205208333984375 0.478703703125 0.208854166015625 0.47777777734375 0.211458333984375 0.47037037109375 0.2125 0.47407407421875 0.2234375 0.47222222265625 0.230208333984375 0.475 0.23125 0.462962962890625 0.2328125 0.456481482421875 0.241666666015625 0.4444444453125 0.244270833984375 0.439814814453125 0.242708333984375 0.439814814453125 0.238541666015625 0.436111111328125 0.239583333984375 0.436111111328125 0.242708333984375 0.433333333984375 0.24375 0.4268518515625 0.240104166015625 0.4231481484375 0.242708333984375 0.4194444453125 0.235416666015625 0.415740740234375 0.236979166015625 0.412962962890625 0.234895833984375 0.4018518515625 0.234895833984375 0.4018518515625 0.2421875 0.390740740234375 0.244791666015625 0.382407408203125 0.250520833984375 0.37407407421875 0.252083333984375 0.3694444453125 0.250520833984375 0.361111111328125 0.252604166015625 0.357407408203125 0.25625 0.339814814453125 0.256770833984375 0.328703703125 0.258854166015625 0.328703703125 0.263020833984375 0.32592592578125 0.2625 0.325 0.2640625 0.32222222265625 0.2625 0.316666666015625 0.267708333984375 0.310185185546875 0.265104166015625 0.29907407421875 0.265625 0.289814814453125 0.272395833984375 0.283333333984375 0.271354166015625 0.27777777734375 0.273958333984375 0.275 0.2734375 0.283333333984375 0.278125 0.2768518515625 0.2796875 0.2731481484375 0.283333333984375 0.262962962890625 0.282291666015625 0.261111111328125 0.2875 0.267592591796875 0.29375 0.278703703125 0.294791666015625 0.281481482421875 0.297395833984375 0.286111111328125 0.297916666015625 0.2944444453125 0.297916666015625 0.29722222265625 0.2875 0.306481482421875 0.288020833984375 0.314814814453125 0.2984375 0.317592591796875 0.297916666015625 0.315740740234375 0.289583333984375 0.32222222265625 0.285416666015625 0.32407407421875 0.278645833984375 0.328703703125 0.277604166015625 0.331481482421875 0.2796875 0.331481482421875 0.297395833984375 0.339814814453125 0.294791666015625 0.353703703125 0.29375 0.361111111328125 0.2875 0.364814814453125 0.277604166015625 0.367592591796875 0.277083333984375 0.3694444453125 0.272916666015625 0.37037037109375 0.266145833984375 0.375 0.2625 0.382407408203125 0.266145833984375 0.39537037109375 0.280208333984375 0.409259259765625 0.2875 0.417592591796875 0.288541666015625 0.42222222265625 0.2921875 0.428703703125 0.293229166015625 0.4444444453125 0.300520833984375 0.453703703125 0.300520833984375 0.467592591796875 0.297395833984375 0.47037037109375 0.293229166015625 0.482407408203125 0.2953125 0.50092592578125 0.294791666015625 0.512962962890625 0.297395833984375 0.50092592578125 0.300520833984375 0.490740740234375 0.3 0.483333333984375 0.303125 0.47407407421875 0.304166666015625 0.47407407421875 0.307291666015625 0.489814814453125 0.317708333984375 0.486111111328125 0.325520833984375 0.462962962890625 0.3359375 0.44537037109375 0.340104166015625 0.417592591796875 0.357291666015625 0.409259259765625 0.359895833984375 0.4018518515625 0.369270833984375 0.4018518515625 0.378645833984375 0.387962962890625 0.390625 0.362962962890625 0.402604166015625 0.3268518515625 0.4140625 0.312962962890625 0.423958333984375 0.310185185546875 0.45 0.311111111328125 0.4828125 0.308333333984375 0.489583333984375 0.308333333984375 0.496354166015625 0.311111111328125 0.499479166015625 0.336111111328125 0.491666666015625 0.342592591796875 0.481770833984375 0.340740740234375 0.477604166015625 0.353703703125 0.465104166015625 0.37222222265625 0.4609375 0.387962962890625 0.4515625 0.4018518515625 0.452083333984375 0.414814814453125 0.4578125 0.42037037109375 0.464583333984375 0.4194444453125 0.467708333984375 0.42222222265625 0.4640625 0.4268518515625 0.464583333984375 0.428703703125 0.466666666015625 0.437962962890625 0.463541666015625 0.4444444453125 0.458854166015625 0.462962962890625 0.456770833984375 0.478703703125 0.464583333984375 0.486111111328125 0.472916666015625 0.490740740234375 0.4828125 0.490740740234375 0.4953125 0.485185185546875 0.504166666015625 0.47222222265625 0.513541666015625 0.462037037109375 0.51875 0.453703703125 0.519791666015625 0.442592591796875 0.523958333984375 0.442592591796875 0.530208333984375 0.47037037109375 0.549479166015625 0.483333333984375 0.5546875 0.531481482421875 0.552604166015625 0.537962962890625 0.556770833984375 0.539814814453125 0.563541666015625 0.537962962890625 0.568229166015625 0.5268518515625 0.570833333984375 0.52407407421875 0.5734375 0.486111111328125 0.5765625 0.466666666015625 0.574479166015625 0.4518518515625 0.569791666015625 0.442592591796875 0.56875 0.4305555546875 0.5625 0.413888888671875 0.560416666015625 0.4055555546875 0.556770833984375 0.392592591796875 0.55625 0.367592591796875 0.5578125 0.337962962890625 0.5625 0.312962962890625 0.575520833984375 0.312962962890625 0.610416666015625 0.314814814453125 0.6171875 0.3268518515625 0.628125 0.3268518515625 0.643229166015625 0.333333333984375 0.659375 0.333333333984375 0.6625 0.328703703125 0.663541666015625 0.328703703125 0.672916666015625 0.32407407421875 0.677083333984375 0.32407407421875 0.720833333984375 0.340740740234375 0.728125 0.337962962890625 0.730208333984375 0.325 0.73125 0.328703703125 0.742708333984375 0.3268518515625 0.749479166015625 0.331481482421875 0.758333333984375 0.337037037109375 0.759895833984375 0.339814814453125 0.765625 0.35 0.771875 0.353703703125 0.7796875 0.361111111328125 0.784375 0.365740740234375 0.793229166015625 0.37407407421875 0.795833333984375 0.425 0.796354166015625 0.460185185546875 0.794270833984375 0.471296296875 0.797916666015625 0.496296296875 0.797916666015625 0.542592591796875 0.793229166015625 0.553703703125 0.794270833984375 0.560185185546875 0.786979166015625 0.5731481484375 0.789583333984375 0.57407407421875 0.792708333984375 0.57777777734375 0.794270833984375 0.59722222265625 0.795833333984375 0.615740740234375 0.7921875 0.62592592578125 0.793229166015625 0.628703703125 0.790625 0.6268518515625 0.786979166015625 0.6305555546875 0.772916666015625 0.6268518515625 0.766666666015625 0.6268518515625 0.752083333984375
0 0.681481482421875 0.255729166015625 0.683333333984375 0.248958333984375 0.678703703125 0.248958333984375 0.6768518515625 0.253125 0.666666666015625 0.257291666015625 0.658333333984375 0.255208333984375 0.653703703125 0.2625 0.653703703125 0.273958333984375 0.662962962890625 0.276041666015625 0.662962962890625 0.280208333984375 0.656481482421875 0.279166666015625 0.653703703125 0.283333333984375 0.660185185546875 0.284895833984375 0.662962962890625 0.283333333984375 0.6768518515625 0.2828125 0.686111111328125 0.280208333984375 0.686111111328125 0.278125 0.69722222265625 0.2734375 0.69907407421875 0.269270833984375 0.6944444453125 0.258854166015625 0.689814814453125 0.259895833984375 0.681481482421875 0.255729166015625
0 0.711111111328125 0.9671875 0.706481482421875 0.963541666015625 0.70092592578125 0.965625 0.7 0.969791666015625 0.706481482421875 0.977604166015625 0.710185185546875 0.977604166015625 0.711111111328125 0.9671875
0 0.715740740234375 0.6328125 0.711111111328125 0.625520833984375 0.7 0.622395833984375 0.692592591796875 0.623958333984375 0.692592591796875 0.635416666015625 0.686111111328125 0.646354166015625 0.685185185546875 0.661979166015625 0.681481482421875 0.666666666015625 0.678703703125 0.6890625 0.67222222265625 0.706770833984375 0.67407407421875 0.717708333984375 0.687962962890625 0.719270833984375 0.692592591796875 0.721354166015625 0.688888888671875 0.724479166015625 0.683333333984375 0.726041666015625 0.6768518515625 0.725 0.67222222265625 0.727604166015625 0.661111111328125 0.759375 0.656481482421875 0.7640625 0.656481482421875 0.7875 0.662962962890625 0.7890625 0.6694444453125 0.794270833984375 0.67777777734375 0.795833333984375 0.6981481484375 0.7953125 0.7055555546875 0.792708333984375 0.708333333984375 0.781770833984375 0.711111111328125 0.726041666015625 0.708333333984375 0.725 0.714814814453125 0.722916666015625 0.717592591796875 0.694791666015625 0.715740740234375 0.6328125
0 0.7018518515625 0.527604166015625 0.706481482421875 0.511979166015625 0.706481482421875 0.498958333984375 0.703703703125 0.4953125 0.708333333984375 0.491666666015625 0.703703703125 0.488020833984375 0.69537037109375 0.488020833984375 0.6944444453125 0.48125 0.689814814453125 0.480729166015625 0.686111111328125 0.4765625 0.6805555546875 0.476041666015625 0.67407407421875 0.490625 0.6518518515625 0.493229166015625 0.6518518515625 0.5484375 0.656481482421875 0.557291666015625 0.653703703125 0.5609375 0.6518518515625 0.5875 0.658333333984375 0.596875 0.665740740234375 0.594270833984375 0.6805555546875 0.594791666015625 0.689814814453125 0.5875 0.69907407421875 0.5890625 0.69907407421875 0.595833333984375 0.703703703125 0.5984375 0.718518517578125 0.6 0.7268518515625 0.595833333984375 0.72222222265625 0.5890625 0.703703703125 0.580208333984375 0.6944444453125 0.5796875 0.689814814453125 0.574479166015625 0.692592591796875 0.563020833984375 0.690740740234375 0.547395833984375 0.7018518515625 0.527604166015625
0 0.756481482421875 0.434375 0.717592591796875 0.4140625 0.707407408203125 0.4109375 0.6768518515625 0.390625 0.665740740234375 0.385416666015625 0.662962962890625 0.381770833984375 0.6555555546875 0.380208333984375 0.6518518515625 0.38125 0.653703703125 0.405729166015625 0.64907407421875 0.415104166015625 0.64907407421875 0.419270833984375 0.656481482421875 0.428645833984375 0.6518518515625 0.442708333984375 0.653703703125 0.447395833984375 0.65092592578125 0.457291666015625 0.653703703125 0.466666666015625 0.656481482421875 0.468229166015625 0.664814814453125 0.466666666015625 0.67592592578125 0.46875 0.681481482421875 0.472395833984375 0.683333333984375 0.4703125 0.708333333984375 0.467708333984375 0.711111111328125 0.4640625 0.718518517578125 0.461979166015625 0.72222222265625 0.458854166015625 0.731481482421875 0.4640625 0.733333333984375 0.475520833984375 0.728703703125 0.48125 0.7268518515625 0.499479166015625 0.72222222265625 0.505729166015625 0.72037037109375 0.51875 0.7268518515625 0.520833333984375 0.728703703125 0.5296875 0.737037037109375 0.5328125 0.739814814453125 0.531770833984375 0.742592591796875 0.519270833984375 0.740740740234375 0.508333333984375 0.767592591796875 0.499479166015625 0.767592591796875 0.476041666015625 0.761111111328125 0.4703125 0.758333333984375 0.463020833984375 0.756481482421875 0.434375