0 0.634259259765625 0.2265625 0.639814814453125 0.202604166015625 0.637037037109375 0.2 0.62962962890625 0.1984375 0.618518517578125 0.2 0.616666666015625 0.228645833984375 0.612037037109375 0.2328125 0.614814814453125 0.241666666015625 0.618518517578125 0.243229166015625 0.6305555546875 0.24375 0.634259259765625 0.2421875 0.634259259765625 0.2265625
0 0.568518517578125 0.357291666015625 0.578703703125 0.357291666015625 0.582407408203125 0.355208333984375 0.582407408203125 0.344270833984375 0.585185185546875 0.3421875 0.585185185546875 0.334375 0.589814814453125 0.322916666015625 0.587037037109375 0.31875 0.57777777734375 0.316666666015625 0.571296296875 0.317708333984375 0.568518517578125 0.322916666015625 0.566666666015625 0.346354166015625 0.563888888671875 0.35 0.564814814453125 0.3546875 0.568518517578125 0.357291666015625
0 0.6055555546875 0.613020833984375 0.609259259765625 0.6109375 0.612037037109375 0.589583333984375 0.616666666015625 0.580208333984375 0.613888888671875 0.574479166015625 0.60092592578125 0.570833333984375 0.596296296875 0.571354166015625 0.5944444453125 0.5734375 0.593518517578125 0.5984375 0.589814814453125 0.602083333984375 0.593518517578125 0.609895833984375 0.59907407421875 0.613020833984375 0.6055555546875 0.613020833984375
0 0.65092592578125 0.316145833984375 0.65277777734375 0.289583333984375 0.657407408203125 0.28125 0.65092592578125 0.275520833984375 0.643518517578125 0.274479166015625 0.637037037109375 0.275 0.637037037109375 0.2890625 0.632407408203125 0.294791666015625 0.6305555546875 0.305729166015625 0.6305555546875 0.315104166015625 0.637037037109375 0.318229166015625 0.6481481484375 0.318229166015625 0.65092592578125 0.316145833984375
0 0.546296296875 0.738541666015625 0.55092592578125 0.734895833984375 0.5481481484375 0.7265625 0.543518517578125 0.724479166015625 0.534259259765625 0.725520833984375 0.534259259765625 0.731770833984375 0.52777777734375 0.7390625 0.52777777734375 0.743229166015625 0.521296296875 0.748958333984375 0.521296296875 0.75625 0.52777777734375 0.7609375 0.537962962890625 0.761458333984375 0.546296296875 0.738541666015625
0 0.5481481484375 0.672395833984375 0.55277777734375 0.6671875 0.55277777734375 0.661458333984375 0.557407408203125 0.653645833984375 0.5555555546875 0.6484375 0.543518517578125 0.643229166015625 0.538888888671875 0.64375 0.538888888671875 0.654166666015625 0.52962962890625 0.671875 0.5305555546875 0.6796875 0.537962962890625 0.683854166015625 0.5481481484375 0.683854166015625 0.5481481484375 0.672395833984375
0 0.487037037109375 0.811979166015625 0.484259259765625 0.8046875 0.4805555546875 0.801041666015625 0.47592592578125 0.8 0.4694444453125 0.8015625 0.466666666015625 0.809895833984375 0.45092592578125 0.823958333984375 0.45277777734375 0.8296875 0.460185185546875 0.835416666015625 0.468518517578125 0.834895833984375 0.4694444453125 0.828645833984375 0.487037037109375 0.811979166015625
0 0.72777777734375 0.1484375 0.7305555546875 0.138020833984375 0.72962962890625 0.1265625 0.716666666015625 0.121354166015625 0.712037037109375 0.121875 0.710185185546875 0.152083333984375 0.70277777734375 0.158333333984375 0.7055555546875 0.165104166015625 0.710185185546875 0.168229166015625 0.7231481484375 0.16875 0.7231481484375 0.153645833984375 0.72777777734375 0.1484375
0 0.671296296875 0.208333333984375 0.6731481484375 0.191145833984375 0.67962962890625 0.170833333984375 0.668518517578125 0.166145833984375 0.660185185546875 0.166145833984375 0.657407408203125 0.16875 0.657407408203125 0.1828125 0.65277777734375 0.189583333984375 0.65092592578125 0.199479166015625 0.65092592578125 0.205208333984375 0.657407408203125 0.210416666015625 0.668518517578125 0.2109375 0.671296296875 0.208333333984375
0 0.5731481484375 0.655729166015625 0.582407408203125 0.6515625 0.582407408203125 0.6390625 0.588888888671875 0.624479166015625 0.588888888671875 0.619270833984375 0.57777777734375 0.613541666015625 0.571296296875 0.613541666015625 0.5694444453125 0.615104166015625 0.568518517578125 0.629166666015625 0.564814814453125 0.6328125 0.562037037109375 0.644270833984375 0.562037037109375 0.649479166015625 0.568518517578125 0.653645833984375 0.5731481484375 0.655729166015625
0 0.562037037109375 0.7078125 0.560185185546875 0.726041666015625 0.563888888671875 0.733854166015625 0.5731481484375 0.733854166015625 0.5805555546875 0.717708333984375 0.582407408203125 0.697916666015625 0.57407407421875 0.694791666015625 0.566666666015625 0.6953125 0.562037037109375 0.7078125
0 0.571296296875 0.509375 0.57777777734375 0.5 0.57592592578125 0.4953125 0.563888888671875 0.490625 0.559259259765625 0.490625 0.5555555546875 0.494791666015625 0.557407408203125 0.503125 0.55277777734375 0.509895833984375 0.55277777734375 0.518229166015625 0.5481481484375 0.5234375 0.55462962890625 0.53125 0.568518517578125 0.532291666015625 0.571296296875 0.509375
0 0.487037037109375 0.769270833984375 0.493518517578125 0.767708333984375 0.493518517578125 0.758333333984375 0.4981481484375 0.755208333984375 0.50092592578125 0.746354166015625 0.507407408203125 0.738541666015625 0.50092592578125 0.73125 0.493518517578125 0.7296875 0.488888888671875 0.730729166015625 0.488888888671875 0.736979166015625 0.47592592578125 0.755208333984375 0.47592592578125 0.761458333984375 0.4805555546875 0.765104166015625 0.487037037109375 0.769270833984375
0 0.688888888671875 0.308854166015625 0.693518517578125 0.300520833984375 0.6981481484375 0.270833333984375 0.696296296875 0.26875 0.685185185546875 0.265625 0.67777777734375 0.266666666015625 0.67592592578125 0.26875 0.67777777734375 0.276041666015625 0.671296296875 0.282291666015625 0.671296296875 0.30625 0.67407407421875 0.308854166015625 0.67962962890625 0.310416666015625 0.688888888671875 0.308854166015625
0 0.582407408203125 0.558854166015625 0.587037037109375 0.5546875 0.585185185546875 0.550520833984375 0.57777777734375 0.546354166015625 0.5694444453125 0.544791666015625 0.564814814453125 0.546354166015625 0.562037037109375 0.572916666015625 0.559259259765625 0.578125 0.565740740234375 0.586458333984375 0.571296296875 0.588020833984375 0.57777777734375 0.5875 0.582407408203125 0.558854166015625
0 0.546296296875 0.611979166015625 0.55277777734375 0.596875 0.55092592578125 0.59375 0.538888888671875 0.5890625 0.532407408203125 0.590104166015625 0.534259259765625 0.599479166015625 0.52592592578125 0.617708333984375 0.52592592578125 0.625 0.533333333984375 0.630729166015625 0.542592591796875 0.63125 0.546296296875 0.627604166015625 0.546296296875 0.611979166015625
0 0.634259259765625 0.408333333984375 0.62592592578125 0.40625 0.616666666015625 0.407291666015625 0.616666666015625 0.423958333984375 0.610185185546875 0.436458333984375 0.610185185546875 0.444270833984375 0.617592591796875 0.449479166015625 0.62962962890625 0.45 0.632407408203125 0.446354166015625 0.637037037109375 0.413020833984375 0.634259259765625 0.408333333984375
0 0.6055555546875 0.5 0.612037037109375 0.481770833984375 0.609259259765625 0.4765625 0.5944444453125 0.472916666015625 0.589814814453125 0.477604166015625 0.591666666015625 0.4890625 0.587037037109375 0.501041666015625 0.587037037109375 0.5125 0.591666666015625 0.515104166015625 0.596296296875 0.516666666015625 0.6055555546875 0.515104166015625 0.6055555546875 0.5
0 0.643518517578125 0.484895833984375 0.641666666015625 0.475520833984375 0.6305555546875 0.472916666015625 0.62592592578125 0.4734375 0.6231481484375 0.477604166015625 0.621296296875 0.493229166015625 0.618518517578125 0.496875 0.618518517578125 0.511979166015625 0.6231481484375 0.513541666015625 0.633333333984375 0.514583333984375 0.637037037109375 0.5109375 0.643518517578125 0.484895833984375
0 0.6 0.380729166015625 0.5981481484375 0.369791666015625 0.60277777734375 0.363020833984375 0.60277777734375 0.355208333984375 0.607407408203125 0.35 0.606481482421875 0.3453125 0.587037037109375 0.340104166015625 0.584259259765625 0.34375 0.582407408203125 0.368229166015625 0.57962962890625 0.3734375 0.581481482421875 0.381770833984375 0.596296296875 0.383333333984375 0.6 0.380729166015625