0 0.6694444453125 0.69375 0.661111111328125 0.691666666015625 0.660185185546875 0.683333333984375 0.6444444453125 0.66875 0.642592591796875 0.6609375 0.64722222265625 0.653645833984375 0.642592591796875 0.649479166015625 0.636111111328125 0.6484375 0.618518517578125 0.652083333984375 0.612962962890625 0.655208333984375 0.611111111328125 0.6609375 0.603703703125 0.667708333984375 0.606481482421875 0.6734375 0.612962962890625 0.675 0.617592591796875 0.679166666015625 0.625 0.698958333984375 0.636111111328125 0.70625 0.631481482421875 0.71875 0.639814814453125 0.727083333984375 0.64722222265625 0.726041666015625 0.667592591796875 0.711979166015625 0.67222222265625 0.700520833984375 0.6694444453125 0.69375
0 0.6194444453125 0.465625 0.612962962890625 0.457291666015625 0.614814814453125 0.4515625 0.617592591796875 0.450520833984375 0.617592591796875 0.441666666015625 0.608333333984375 0.426041666015625 0.608333333984375 0.4203125 0.612962962890625 0.413541666015625 0.612962962890625 0.404166666015625 0.607407408203125 0.396354166015625 0.603703703125 0.396354166015625 0.59722222265625 0.4015625 0.586111111328125 0.398958333984375 0.578703703125 0.404166666015625 0.564814814453125 0.408333333984375 0.564814814453125 0.415625 0.575 0.419791666015625 0.575 0.441666666015625 0.585185185546875 0.459895833984375 0.583333333984375 0.466145833984375 0.578703703125 0.469270833984375 0.583333333984375 0.491145833984375 0.59722222265625 0.491145833984375 0.614814814453125 0.485416666015625 0.617592591796875 0.481770833984375 0.6194444453125 0.465625
0 0.49722222265625 0.005729166015625 0.481481482421875 0.011979166015625 0.47407407421875 0.020833333984375 0.47407407421875 0.028125 0.487962962890625 0.043229166015625 0.510185185546875 0.0453125 0.525 0.040104166015625 0.528703703125 0.035416666015625 0.52222222265625 0.029166666015625 0.52407407421875 0.025 0.537962962890625 0.0140625 0.540740740234375 0.0046875 0.5518518515625 0.001041666015625 0.49907407421875 0 0.49722222265625 0.005729166015625
0 0.67037037109375 0.013541666015625 0.664814814453125 0.019791666015625 0.664814814453125 0.028645833984375 0.660185185546875 0.0375 0.661111111328125 0.044791666015625 0.687962962890625 0.044270833984375 0.69722222265625 0.042708333984375 0.703703703125 0.039583333984375 0.706481482421875 0.031770833984375 0.712962962890625 0.029166666015625 0.712962962890625 0.023958333984375 0.703703703125 0.014583333984375 0.69722222265625 0.0125 0.681481482421875 0.011458333984375 0.67037037109375 0.013541666015625
0 0.465740740234375 0.127083333984375 0.47037037109375 0.136979166015625 0.483333333984375 0.147916666015625 0.489814814453125 0.150520833984375 0.506481482421875 0.1515625 0.510185185546875 0.15 0.512962962890625 0.144270833984375 0.52407407421875 0.138020833984375 0.52407407421875 0.1328125 0.512962962890625 0.128645833984375 0.512037037109375 0.121354166015625 0.486111111328125 0.120833333984375 0.4694444453125 0.1234375 0.465740740234375 0.127083333984375
0 0.5055555546875 0.2984375 0.506481482421875 0.288020833984375 0.514814814453125 0.282291666015625 0.514814814453125 0.277083333984375 0.507407408203125 0.274479166015625 0.503703703125 0.269791666015625 0.506481482421875 0.261979166015625 0.512962962890625 0.255729166015625 0.511111111328125 0.222916666015625 0.517592591796875 0.21875 0.5194444453125 0.206770833984375 0.5194444453125 0.203645833984375 0.514814814453125 0.2 0.5018518515625 0.198958333984375 0.49537037109375 0.194270833984375 0.491666666015625 0.194270833984375 0.483333333984375 0.202083333984375 0.471296296875 0.202083333984375 0.464814814453125 0.205729166015625 0.464814814453125 0.211458333984375 0.4694444453125 0.218229166015625 0.4694444453125 0.255729166015625 0.47222222265625 0.265104166015625 0.462962962890625 0.270833333984375 0.461111111328125 0.274479166015625 0.461111111328125 0.289583333984375 0.462962962890625 0.293229166015625 0.4768518515625 0.298958333984375 0.5055555546875 0.2984375
0 0.581481482421875 0.295833333984375 0.589814814453125 0.292708333984375 0.592592591796875 0.285416666015625 0.592592591796875 0.248958333984375 0.59907407421875 0.241666666015625 0.59907407421875 0.236979166015625 0.587962962890625 0.233333333984375 0.5768518515625 0.232291666015625 0.5694444453125 0.238541666015625 0.5518518515625 0.236979166015625 0.54907407421875 0.2390625 0.54907407421875 0.244270833984375 0.553703703125 0.247395833984375 0.5518518515625 0.280729166015625 0.5555555546875 0.293229166015625 0.54722222265625 0.2953125 0.542592591796875 0.298958333984375 0.542592591796875 0.318229166015625 0.5555555546875 0.324479166015625 0.5805555546875 0.324479166015625 0.586111111328125 0.319270833984375 0.589814814453125 0.30625 0.581481482421875 0.295833333984375
0 0.589814814453125 0.570833333984375 0.589814814453125 0.558333333984375 0.5694444453125 0.534375 0.57037037109375 0.527604166015625 0.578703703125 0.522916666015625 0.57222222265625 0.514583333984375 0.564814814453125 0.513541666015625 0.539814814453125 0.520833333984375 0.533333333984375 0.525 0.531481482421875 0.529166666015625 0.531481482421875 0.536458333984375 0.5444444453125 0.5453125 0.54722222265625 0.560416666015625 0.561111111328125 0.5796875 0.558333333984375 0.597395833984375 0.561111111328125 0.605729166015625 0.567592591796875 0.608333333984375 0.5768518515625 0.607291666015625 0.585185185546875 0.603645833984375 0.6 0.592708333984375 0.6 0.5765625 0.589814814453125 0.570833333984375
0 0.6518518515625 0.133333333984375 0.6518518515625 0.130729166015625 0.635185185546875 0.1234375 0.6268518515625 0.123958333984375 0.62222222265625 0.133333333984375 0.603703703125 0.151041666015625 0.59722222265625 0.165104166015625 0.578703703125 0.181770833984375 0.581481482421875 0.192708333984375 0.592592591796875 0.2 0.6055555546875 0.201041666015625 0.62222222265625 0.191145833984375 0.62222222265625 0.175520833984375 0.6268518515625 0.172916666015625 0.631481482421875 0.172916666015625 0.631481482421875 0.1609375 0.637962962890625 0.154166666015625 0.637037037109375 0.14375 0.6518518515625 0.133333333984375
0 0.5768518515625 0.153645833984375 0.583333333984375 0.14375 0.583333333984375 0.133854166015625 0.586111111328125 0.131770833984375 0.584259259765625 0.124479166015625 0.561111111328125 0.1234375 0.54907407421875 0.127604166015625 0.539814814453125 0.144270833984375 0.537962962890625 0.155208333984375 0.52222222265625 0.164583333984375 0.52037037109375 0.18125 0.533333333984375 0.191145833984375 0.540740740234375 0.19375 0.558333333984375 0.193229166015625 0.561111111328125 0.188541666015625 0.57407407421875 0.1796875 0.57222222265625 0.175520833984375 0.565740740234375 0.1734375 0.564814814453125 0.169270833984375 0.5768518515625 0.161979166015625 0.5768518515625 0.153645833984375
0 0.8268518515625 0.350520833984375 0.82407407421875 0.373958333984375 0.82037037109375 0.377604166015625 0.82407407421875 0.3921875 0.837962962890625 0.3953125 0.84722222265625 0.394791666015625 0.860185185546875 0.3859375 0.867592591796875 0.365104166015625 0.864814814453125 0.3453125 0.861111111328125 0.341666666015625 0.85092592578125 0.3375 0.837962962890625 0.3375 0.831481482421875 0.34375 0.8268518515625 0.350520833984375
0 0.528703703125 0.432291666015625 0.537962962890625 0.430729166015625 0.540740740234375 0.425520833984375 0.539814814453125 0.418229166015625 0.5444444453125 0.4140625 0.5444444453125 0.408333333984375 0.536111111328125 0.405729166015625 0.533333333984375 0.402083333984375 0.539814814453125 0.391145833984375 0.539814814453125 0.3828125 0.533333333984375 0.371875 0.5305555546875 0.35625 0.533333333984375 0.3515625 0.537962962890625 0.349479166015625 0.537962962890625 0.3390625 0.535185185546875 0.3375 0.52037037109375 0.3375 0.511111111328125 0.334895833984375 0.5055555546875 0.341666666015625 0.491666666015625 0.3421875 0.483333333984375 0.344270833984375 0.483333333984375 0.350520833984375 0.49907407421875 0.360416666015625 0.49722222265625 0.3890625 0.50462962890625 0.404166666015625 0.4944444453125 0.4140625 0.49722222265625 0.41875 0.49722222265625 0.430208333984375 0.5018518515625 0.433333333984375 0.514814814453125 0.435416666015625 0.52592592578125 0.434375 0.528703703125 0.432291666015625