0 0.504166666015625 0.36 0.511979166015625 0.36 0.515104166015625 0.371666666015625 0.520833333984375 0.38 0.525 0.394166666015625 0.53125 0.394166666015625 0.5390625 0.386666666015625 0.568229166015625 0.39 0.574479166015625 0.389166666015625 0.576041666015625 0.386666666015625 0.5765625 0.375 0.574479166015625 0.36 0.567708333984375 0.354166666015625 0.563541666015625 0.354166666015625 0.555729166015625 0.349166666015625 0.5515625 0.338333333984375 0.55 0.3275 0.546875 0.324166666015625 0.5390625 0.325 0.536458333984375 0.329166666015625 0.5265625 0.33 0.517708333984375 0.335 0.513020833984375 0.334166666015625 0.511458333984375 0.33 0.501041666015625 0.33 0.497916666015625 0.3375 0.497916666015625 0.346666666015625 0.500520833984375 0.356666666015625 0.504166666015625 0.36
0 0.298958333984375 0.681666666015625 0.300520833984375 0.693333333984375 0.305729166015625 0.7 0.30625 0.704166666015625 0.311979166015625 0.714166666015625 0.3296875 0.714166666015625 0.338020833984375 0.7075 0.350520833984375 0.704166666015625 0.3859375 0.704166666015625 0.4296875 0.699166666015625 0.435416666015625 0.694166666015625 0.4375 0.689166666015625 0.4375 0.683333333984375 0.4421875 0.6775 0.444791666015625 0.694166666015625 0.4515625 0.706666666015625 0.465625 0.706666666015625 0.476041666015625 0.7 0.48125 0.7025 0.493229166015625 0.7025 0.497395833984375 0.701666666015625 0.5046875 0.69 0.506770833984375 0.6825 0.5046875 0.674166666015625 0.488020833984375 0.655833333984375 0.486458333984375 0.646666666015625 0.478645833984375 0.635 0.473958333984375 0.6325 0.469791666015625 0.634166666015625 0.46875 0.646666666015625 0.466145833984375 0.6475 0.4625 0.635 0.458854166015625 0.629166666015625 0.452083333984375 0.625 0.4453125 0.626666666015625 0.435416666015625 0.645 0.426041666015625 0.644166666015625 0.4140625 0.631666666015625 0.391145833984375 0.634166666015625 0.384895833984375 0.625 0.38125 0.625 0.378645833984375 0.629166666015625 0.3578125 0.634166666015625 0.335416666015625 0.646666666015625 0.333333333984375 0.646666666015625 0.325520833984375 0.6325 0.321354166015625 0.629166666015625 0.303645833984375 0.631666666015625 0.297395833984375 0.6275 0.294791666015625 0.629166666015625 0.292708333984375 0.635 0.293229166015625 0.661666666015625 0.2890625 0.671666666015625 0.293229166015625 0.679166666015625 0.298958333984375 0.681666666015625
0 0.435416666015625 0.2225 0.439583333984375 0.241666666015625 0.478645833984375 0.239166666015625 0.480729166015625 0.236666666015625 0.480208333984375 0.2175 0.46875 0.206666666015625 0.461979166015625 0.1925 0.449479166015625 0.191666666015625 0.439583333984375 0.1975 0.427083333984375 0.194166666015625 0.423958333984375 0.2 0.422916666015625 0.209166666015625 0.425 0.2175 0.433333333984375 0.219166666015625 0.435416666015625 0.2225
0 0.047916666015625 0.7375 0.049479166015625 0.744166666015625 0.056770833984375 0.754166666015625 0.067708333984375 0.756666666015625 0.077083333984375 0.751666666015625 0.0875 0.75 0.097916666015625 0.756666666015625 0.117708333984375 0.761666666015625 0.1453125 0.774166666015625 0.172395833984375 0.774166666015625 0.179166666015625 0.77 0.1828125 0.785 0.1890625 0.795 0.1984375 0.7975 0.211979166015625 0.795 0.2234375 0.801666666015625 0.236458333984375 0.8 0.247916666015625 0.79 0.261458333984375 0.784166666015625 0.265104166015625 0.779166666015625 0.26875 0.7675 0.26875 0.74 0.263541666015625 0.729166666015625 0.254166666015625 0.72 0.252083333984375 0.7225 0.25 0.736666666015625 0.244270833984375 0.739166666015625 0.244270833984375 0.7175 0.242708333984375 0.7125 0.2375 0.705 0.23125 0.701666666015625 0.221354166015625 0.705 0.213020833984375 0.724166666015625 0.2078125 0.725 0.196354166015625 0.719166666015625 0.190104166015625 0.7125 0.184895833984375 0.695 0.1765625 0.6975 0.152083333984375 0.694166666015625 0.144270833984375 0.689166666015625 0.140104166015625 0.68 0.136979166015625 0.685 0.122916666015625 0.684166666015625 0.119270833984375 0.6825 0.1125 0.6675 0.108854166015625 0.664166666015625 0.1015625 0.6625 0.09375 0.665 0.088020833984375 0.66 0.083333333984375 0.66 0.078645833984375 0.651666666015625 0.071354166015625 0.655 0.050520833984375 0.676666666015625 0.0453125 0.6875 0.0453125 0.695833333984375 0.05 0.715 0.047916666015625 0.7375
0 0.0484375 0.596666666015625 0.0546875 0.606666666015625 0.058854166015625 0.61 0.075 0.609166666015625 0.088020833984375 0.624166666015625 0.103125 0.634166666015625 0.1125 0.644166666015625 0.1296875 0.65 0.133333333984375 0.6625 0.139583333984375 0.675 0.154166666015625 0.6775 0.1640625 0.689166666015625 0.168229166015625 0.689166666015625 0.181770833984375 0.6825 0.1875 0.6825 0.195833333984375 0.6775 0.203645833984375 0.6775 0.209895833984375 0.674166666015625 0.21875 0.665 0.225 0.654166666015625 0.224479166015625 0.646666666015625 0.216666666015625 0.625 0.210416666015625 0.6225 0.205729166015625 0.61 0.199479166015625 0.601666666015625 0.1921875 0.6 0.1875 0.6025 0.179166666015625 0.615 0.165104166015625 0.61 0.1609375 0.605 0.161979166015625 0.595 0.159895833984375 0.584166666015625 0.153125 0.5775 0.127604166015625 0.566666666015625 0.125520833984375 0.560833333984375 0.121354166015625 0.556666666015625 0.1203125 0.5475 0.116666666015625 0.539166666015625 0.109375 0.535 0.101041666015625 0.5375 0.091666666015625 0.521666666015625 0.08125 0.521666666015625 0.055729166015625 0.535 0.051041666015625 0.54 0.054166666015625 0.5625 0.047916666015625 0.5725 0.045833333984375 0.586666666015625 0.0484375 0.596666666015625
0 0.65625 0.444166666015625 0.65625 0.479166666015625 0.658333333984375 0.486666666015625 0.672395833984375 0.4875 0.6796875 0.481666666015625 0.7125 0.489166666015625 0.71875 0.486666666015625 0.71875 0.456666666015625 0.7171875 0.451666666015625 0.7109375 0.449166666015625 0.708333333984375 0.445 0.7109375 0.439166666015625 0.704166666015625 0.431666666015625 0.702083333984375 0.415 0.699479166015625 0.4075 0.691145833984375 0.406666666015625 0.686979166015625 0.411666666015625 0.671875 0.411666666015625 0.6609375 0.416666666015625 0.6515625 0.4075 0.644791666015625 0.409166666015625 0.642708333984375 0.4125 0.6421875 0.429166666015625 0.644270833984375 0.440833333984375 0.655208333984375 0.441666666015625 0.65625 0.444166666015625
0 0.583333333984375 0.485 0.5796875 0.500833333984375 0.58125 0.529166666015625 0.596875 0.529166666015625 0.602083333984375 0.525 0.632291666015625 0.526666666015625 0.635416666015625 0.529166666015625 0.6421875 0.529166666015625 0.64375 0.526666666015625 0.64375 0.494166666015625 0.631770833984375 0.481666666015625 0.631770833984375 0.469166666015625 0.634375 0.465 0.6328125 0.45 0.6296875 0.441666666015625 0.620833333984375 0.44 0.6140625 0.446666666015625 0.593229166015625 0.45 0.5875 0.45 0.58125 0.4425 0.577604166015625 0.4425 0.5703125 0.449166666015625 0.5703125 0.469166666015625 0.575520833984375 0.479166666015625 0.58125 0.48 0.583333333984375 0.485
0 0.566145833984375 0.1 0.566666666015625 0.0775 0.564583333984375 0.075 0.5546875 0.0725 0.5421875 0.074166666015625 0.5390625 0.075833333984375 0.538020833984375 0.083333333984375 0.538541666015625 0.096666666015625 0.541666666015625 0.099166666015625 0.5625 0.1025 0.566145833984375 0.1
0 0.45 0.1675 0.458333333984375 0.15 0.464583333984375 0.146666666015625 0.464583333984375 0.135 0.461458333984375 0.129166666015625 0.456770833984375 0.131666666015625 0.4453125 0.131666666015625 0.441666666015625 0.1275 0.435416666015625 0.126666666015625 0.427083333984375 0.1325 0.425 0.1375 0.41875 0.14 0.416145833984375 0.149166666015625 0.4140625 0.15 0.413541666015625 0.161666666015625 0.4140625 0.165 0.416666666015625 0.166666666015625 0.45 0.1675
0 0.544270833984375 0.68 0.553645833984375 0.681666666015625 0.560416666015625 0.689166666015625 0.5734375 0.69 0.5796875 0.685 0.583854166015625 0.669166666015625 0.590104166015625 0.6625 0.59375 0.6625 0.601041666015625 0.656666666015625 0.610416666015625 0.656666666015625 0.6171875 0.654166666015625 0.6203125 0.65 0.624479166015625 0.65 0.638541666015625 0.6275 0.644270833984375 0.626666666015625 0.65 0.634166666015625 0.663541666015625 0.634166666015625 0.669791666015625 0.6275 0.6796875 0.6225 0.680729166015625 0.609166666015625 0.675520833984375 0.6 0.664583333984375 0.5975 0.6578125 0.589166666015625 0.63125 0.586666666015625 0.625520833984375 0.574166666015625 0.609375 0.5725 0.607291666015625 0.574166666015625 0.606770833984375 0.584166666015625 0.605208333984375 0.586666666015625 0.597395833984375 0.589166666015625 0.5875 0.5875 0.5828125 0.595 0.577083333984375 0.5975 0.5671875 0.6075 0.55625 0.625 0.549479166015625 0.629166666015625 0.540625 0.625 0.525520833984375 0.624166666015625 0.5171875 0.625 0.514583333984375 0.629166666015625 0.5125 0.651666666015625 0.514583333984375 0.659166666015625 0.519791666015625 0.666666666015625 0.544270833984375 0.68
0 0.508854166015625 0.289166666015625 0.5140625 0.3 0.523958333984375 0.305 0.531770833984375 0.316666666015625 0.542708333984375 0.314166666015625 0.573958333984375 0.314166666015625 0.575 0.31 0.575 0.2925 0.5734375 0.285 0.56875 0.28 0.5515625 0.28 0.5453125 0.274166666015625 0.536458333984375 0.259166666015625 0.531770833984375 0.26 0.522916666015625 0.2675 0.510416666015625 0.2675 0.507291666015625 0.266666666015625 0.5046875 0.261666666015625 0.5 0.261666666015625 0.489583333984375 0.2725 0.4890625 0.279166666015625 0.493229166015625 0.286666666015625 0.500520833984375 0.291666666015625 0.508854166015625 0.289166666015625