0 0.316145833984375 0.578333333984375 0.319270833984375 0.59 0.325 0.595 0.3421875 0.595 0.3828125 0.619166666015625 0.400520833984375 0.62 0.404166666015625 0.6225 0.40625 0.634166666015625 0.408854166015625 0.639166666015625 0.4125 0.641666666015625 0.425520833984375 0.641666666015625 0.433333333984375 0.649166666015625 0.441666666015625 0.649166666015625 0.465625 0.636666666015625 0.469791666015625 0.626666666015625 0.471354166015625 0.614166666015625 0.467708333984375 0.595 0.465104166015625 0.591666666015625 0.455208333984375 0.594166666015625 0.452604166015625 0.581666666015625 0.446875 0.575 0.439583333984375 0.575 0.43125 0.586666666015625 0.425520833984375 0.586666666015625 0.421875 0.5825 0.413541666015625 0.579166666015625 0.4109375 0.575 0.406770833984375 0.574166666015625 0.4046875 0.5675 0.3984375 0.56 0.386458333984375 0.5575 0.382291666015625 0.55 0.377083333984375 0.5475 0.352083333984375 0.546666666015625 0.348958333984375 0.5425 0.3484375 0.535 0.344791666015625 0.53 0.3359375 0.5375 0.327083333984375 0.5375 0.324479166015625 0.535 0.322395833984375 0.54 0.3171875 0.5425 0.316145833984375 0.550833333984375 0.317708333984375 0.5625 0.316145833984375 0.5675 0.316145833984375 0.578333333984375
0 0.619270833984375 0.6425 0.639583333984375 0.6675 0.649479166015625 0.6675 0.659375 0.655 0.668229166015625 0.654166666015625 0.677604166015625 0.646666666015625 0.711458333984375 0.639166666015625 0.726041666015625 0.625 0.734375 0.6275 0.739583333984375 0.636666666015625 0.74375 0.639166666015625 0.748958333984375 0.639166666015625 0.7578125 0.629166666015625 0.7609375 0.631666666015625 0.769270833984375 0.631666666015625 0.772395833984375 0.629166666015625 0.772395833984375 0.6225 0.76875 0.61 0.7609375 0.5975 0.741666666015625 0.591666666015625 0.7375 0.58 0.734895833984375 0.5775 0.728645833984375 0.576666666015625 0.7265625 0.579166666015625 0.721354166015625 0.574166666015625 0.7140625 0.575 0.704166666015625 0.5875 0.6921875 0.584166666015625 0.6875 0.584166666015625 0.6859375 0.586666666015625 0.673958333984375 0.584166666015625 0.669270833984375 0.589166666015625 0.660416666015625 0.5925 0.634895833984375 0.61 0.621354166015625 0.5975 0.609895833984375 0.5975 0.605729166015625 0.6 0.605729166015625 0.619166666015625 0.610416666015625 0.6275 0.6125 0.639166666015625 0.619270833984375 0.6425
0 0.69375 0.324166666015625 0.6984375 0.325833333984375 0.702083333984375 0.3375 0.709895833984375 0.335 0.7375 0.336666666015625 0.742708333984375 0.3325 0.743229166015625 0.321666666015625 0.740625 0.311666666015625 0.7375 0.3075 0.7265625 0.3075 0.7125 0.285 0.70625 0.285 0.698958333984375 0.291666666015625 0.688020833984375 0.291666666015625 0.686458333984375 0.289166666015625 0.678645833984375 0.2875 0.675520833984375 0.289166666015625 0.673958333984375 0.293333333984375 0.673958333984375 0.3025 0.678645833984375 0.311666666015625 0.6875 0.3125 0.69375 0.324166666015625
0 0.755729166015625 0.4575 0.764583333984375 0.459166666015625 0.7765625 0.456666666015625 0.7828125 0.46 0.805729166015625 0.461666666015625 0.80625 0.435 0.8046875 0.429166666015625 0.801041666015625 0.425 0.807291666015625 0.4175 0.803645833984375 0.396666666015625 0.7953125 0.3925 0.790625 0.4 0.7828125 0.395 0.770833333984375 0.3975 0.7671875 0.3925 0.760416666015625 0.39 0.755208333984375 0.3975 0.7546875 0.411666666015625 0.758333333984375 0.423333333984375 0.7546875 0.438333333984375 0.755729166015625 0.4575
0 0.322916666015625 0.511666666015625 0.336458333984375 0.514166666015625 0.3375 0.5175 0.335416666015625 0.524166666015625 0.327604166015625 0.529166666015625 0.3265625 0.5325 0.327604166015625 0.53 0.330208333984375 0.535 0.3328125 0.535 0.3421875 0.5275 0.346875 0.530833333984375 0.351041666015625 0.5425 0.354166666015625 0.545 0.383333333984375 0.5475 0.386979166015625 0.5525 0.386979166015625 0.556666666015625 0.401041666015625 0.56 0.408854166015625 0.574166666015625 0.413020833984375 0.576666666015625 0.429166666015625 0.576666666015625 0.436458333984375 0.571666666015625 0.447395833984375 0.5575 0.441666666015625 0.538333333984375 0.436458333984375 0.533333333984375 0.430729166015625 0.5175 0.420833333984375 0.5125 0.413020833984375 0.521666666015625 0.40625 0.521666666015625 0.3984375 0.511666666015625 0.4 0.5 0.379166666015625 0.489166666015625 0.372916666015625 0.476666666015625 0.3703125 0.475833333984375 0.366145833984375 0.4625 0.3625 0.46 0.355208333984375 0.4625 0.3515625 0.458333333984375 0.348958333984375 0.449166666015625 0.3421875 0.4475 0.336979166015625 0.451666666015625 0.331770833984375 0.451666666015625 0.329166666015625 0.455 0.324479166015625 0.455 0.3203125 0.46 0.319270833984375 0.465 0.320833333984375 0.4775 0.316666666015625 0.4875 0.317708333984375 0.504166666015625 0.322916666015625 0.511666666015625
0 0.618229166015625 0.224166666015625 0.6203125 0.2275 0.624479166015625 0.2425 0.657291666015625 0.241666666015625 0.65625 0.221666666015625 0.652604166015625 0.219166666015625 0.64375 0.204166666015625 0.631770833984375 0.2025 0.6234375 0.2075 0.616145833984375 0.2025 0.6125 0.205 0.6109375 0.21 0.611458333984375 0.219166666015625 0.614583333984375 0.224166666015625 0.618229166015625 0.224166666015625
0 0.728645833984375 0.124166666015625 0.729166666015625 0.114166666015625 0.727083333984375 0.1075 0.716666666015625 0.105 0.7125 0.1075 0.700520833984375 0.1075 0.699479166015625 0.11 0.698958333984375 0.121666666015625 0.700520833984375 0.126666666015625 0.724479166015625 0.129166666015625 0.728645833984375 0.124166666015625
0 0.236979166015625 0.426666666015625 0.231770833984375 0.46 0.234375 0.488333333984375 0.236979166015625 0.495 0.267708333984375 0.495 0.285416666015625 0.4875 0.2875 0.484166666015625 0.2890625 0.479166666015625 0.2890625 0.46 0.286458333984375 0.439166666015625 0.28125 0.43 0.275 0.425 0.275 0.409166666015625 0.279166666015625 0.404166666015625 0.279166666015625 0.3975 0.275 0.384166666015625 0.26875 0.384166666015625 0.266666666015625 0.380833333984375 0.266145833984375 0.3725 0.259895833984375 0.3675 0.238541666015625 0.37 0.235416666015625 0.375 0.236979166015625 0.386666666015625 0.234895833984375 0.389166666015625 0.230208333984375 0.389166666015625 0.227083333984375 0.394166666015625 0.2265625 0.413333333984375 0.23125 0.421666666015625 0.235416666015625 0.4225 0.236979166015625 0.426666666015625
0 0.243229166015625 0.284166666015625 0.248958333984375 0.286666666015625 0.2703125 0.286666666015625 0.276041666015625 0.284166666015625 0.28125 0.279166666015625 0.2890625 0.261666666015625 0.296875 0.235833333984375 0.3046875 0.234166666015625 0.307291666015625 0.229166666015625 0.30625 0.206666666015625 0.3015625 0.204166666015625 0.3 0.201666666015625 0.3 0.195 0.2984375 0.194166666015625 0.275 0.194166666015625 0.271875 0.2025 0.261979166015625 0.209166666015625 0.2609375 0.2225 0.245833333984375 0.251666666015625 0.242708333984375 0.266666666015625 0.239583333984375 0.2725 0.239583333984375 0.279166666015625 0.243229166015625 0.284166666015625
0 0.649479166015625 0.165 0.6578125 0.155 0.664583333984375 0.1525 0.665625 0.146666666015625 0.661979166015625 0.1375 0.654166666015625 0.14 0.646354166015625 0.1325 0.6421875 0.1325 0.633854166015625 0.14 0.625 0.1425 0.621354166015625 0.149166666015625 0.620833333984375 0.156666666015625 0.622916666015625 0.161666666015625 0.628645833984375 0.164166666015625 0.649479166015625 0.165
0 0.3 0.3625 0.30625 0.338333333984375 0.317708333984375 0.321666666015625 0.318229166015625 0.304166666015625 0.319791666015625 0.301666666015625 0.33125 0.3025 0.3328125 0.3 0.327604166015625 0.275 0.320833333984375 0.2725 0.322395833984375 0.261666666015625 0.315625 0.256666666015625 0.294791666015625 0.2575 0.291145833984375 0.269166666015625 0.288020833984375 0.27 0.282291666015625 0.2775 0.28125 0.295833333984375 0.275 0.3025 0.275520833984375 0.320833333984375 0.273958333984375 0.325833333984375 0.270833333984375 0.326666666015625 0.266666666015625 0.3225 0.263020833984375 0.3225 0.258333333984375 0.33 0.2546875 0.3425 0.2546875 0.359166666015625 0.259895833984375 0.364166666015625 0.278125 0.3675 0.3 0.3625
0 0.3734375 0.239166666015625 0.375 0.236666666015625 0.376041666015625 0.22 0.3828125 0.211666666015625 0.383333333984375 0.199166666015625 0.392708333984375 0.191666666015625 0.390104166015625 0.174166666015625 0.3828125 0.17 0.384375 0.159166666015625 0.377083333984375 0.156666666015625 0.361458333984375 0.1575 0.359895833984375 0.1675 0.351041666015625 0.174166666015625 0.349479166015625 0.185833333984375 0.344791666015625 0.195833333984375 0.34375 0.205833333984375 0.334895833984375 0.209166666015625 0.331770833984375 0.215 0.3296875 0.2275 0.329166666015625 0.234166666015625 0.33125 0.2425 0.364583333984375 0.245 0.3734375 0.239166666015625
0 0.747916666015625 0.564166666015625 0.759375 0.565 0.7625 0.564166666015625 0.767708333984375 0.55 0.786979166015625 0.539166666015625 0.793229166015625 0.5325 0.7953125 0.525833333984375 0.8 0.52 0.8078125 0.524166666015625 0.816145833984375 0.524166666015625 0.821875 0.519166666015625 0.825520833984375 0.51 0.825520833984375 0.5 0.824479166015625 0.496666666015625 0.8171875 0.4975 0.8140625 0.4925 0.805729166015625 0.4875 0.78125 0.4875 0.7765625 0.476666666015625 0.76875 0.476666666015625 0.768229166015625 0.484166666015625 0.766145833984375 0.4875 0.757291666015625 0.49 0.7515625 0.499166666015625 0.743229166015625 0.5025 0.7359375 0.514166666015625 0.730729166015625 0.5175 0.713541666015625 0.516666666015625 0.7078125 0.5275 0.706770833984375 0.535833333984375 0.708333333984375 0.5425 0.715104166015625 0.55 0.747916666015625 0.564166666015625
0 0.463020833984375 0.5425 0.466666666015625 0.545 0.46875 0.563333333984375 0.474479166015625 0.571666666015625 0.486458333984375 0.571666666015625 0.490104166015625 0.5675 0.494270833984375 0.566666666015625 0.496875 0.569166666015625 0.542708333984375 0.576666666015625 0.573958333984375 0.574166666015625 0.58125 0.586666666015625 0.598958333984375 0.584166666015625 0.60625 0.589166666015625 0.6125 0.589166666015625 0.625 0.574166666015625 0.625 0.5675 0.614583333984375 0.55 0.6125 0.5375 0.605729166015625 0.531666666015625 0.602083333984375 0.5375 0.603125 0.5425 0.597395833984375 0.545 0.594791666015625 0.529166666015625 0.588541666015625 0.521666666015625 0.58125 0.5225 0.577083333984375 0.5275 0.574479166015625 0.536666666015625 0.566666666015625 0.5375 0.563020833984375 0.535 0.555729166015625 0.5225 0.534895833984375 0.521666666015625 0.530729166015625 0.511666666015625 0.527604166015625 0.511666666015625 0.523958333984375 0.5175 0.497395833984375 0.519166666015625 0.4890625 0.506666666015625 0.475520833984375 0.506666666015625 0.471354166015625 0.5 0.4671875 0.5025 0.463541666015625 0.510833333984375 0.464583333984375 0.525 0.461458333984375 0.530833333984375 0.461458333984375 0.5375 0.463020833984375 0.5425