0 0.355 0.454166666015625 0.345 0.440104166015625 0.340833333984375 0.438541666015625 0.3325 0.4390625 0.323333333984375 0.4328125 0.3225 0.425520833984375 0.3275 0.421354166015625 0.3275 0.415104166015625 0.325 0.4125 0.315 0.408854166015625 0.305 0.400520833984375 0.283333333984375 0.400520833984375 0.273333333984375 0.413020833984375 0.2725 0.439583333984375 0.28 0.4453125 0.283333333984375 0.4515625 0.288333333984375 0.455208333984375 0.303333333984375 0.458333333984375 0.315 0.475520833984375 0.335 0.4890625 0.335 0.501041666015625 0.339166666015625 0.50625 0.350833333984375 0.508854166015625 0.36 0.508854166015625 0.3675 0.504166666015625 0.381666666015625 0.5046875 0.3875 0.499479166015625 0.3925 0.480208333984375 0.386666666015625 0.475 0.38 0.472395833984375 0.375 0.464583333984375 0.3675 0.4625 0.355 0.454166666015625
0 0.8775 0.611979166015625 0.8875 0.604166666015625 0.888333333984375 0.596875 0.8775 0.591145833984375 0.865833333984375 0.596875 0.865 0.609895833984375 0.8675 0.613020833984375 0.8775 0.611979166015625
0 0.758333333984375 0.669270833984375 0.760833333984375 0.670833333984375 0.774166666015625 0.6703125 0.7825 0.665104166015625 0.7825 0.65 0.778333333984375 0.6453125 0.763333333984375 0.644791666015625 0.758333333984375 0.646354166015625 0.7575 0.6484375 0.758333333984375 0.669270833984375
0 0.613333333984375 0.644270833984375 0.610833333984375 0.6484375 0.610833333984375 0.66875 0.613333333984375 0.6765625 0.634166666015625 0.677604166015625 0.639166666015625 0.68125 0.645833333984375 0.6828125 0.659166666015625 0.681770833984375 0.663333333984375 0.677083333984375 0.67 0.675520833984375 0.67 0.6609375 0.658333333984375 0.652083333984375 0.644166666015625 0.651041666015625 0.630833333984375 0.644791666015625 0.613333333984375 0.644270833984375
0 0.805833333984375 0.645833333984375 0.808333333984375 0.65 0.8175 0.65 0.8225 0.6484375 0.8325 0.6390625 0.8325 0.633333333984375 0.825 0.625 0.810833333984375 0.627083333984375 0.805833333984375 0.63125 0.805833333984375 0.645833333984375
0 0.830833333984375 0.639583333984375 0.839166666015625 0.638020833984375 0.843333333984375 0.633854166015625 0.8425 0.6265625 0.833333333984375 0.6203125 0.8225 0.6203125 0.820833333984375 0.625 0.83 0.63125 0.830833333984375 0.639583333984375
0 0.898333333984375 0.5796875 0.901666666015625 0.584375 0.9075 0.583333333984375 0.915 0.5796875 0.92 0.572395833984375 0.92 0.564583333984375 0.915 0.5625 0.905833333984375 0.563541666015625 0.9 0.569791666015625 0.898333333984375 0.5796875
0 0.780833333984375 0.651041666015625 0.780833333984375 0.665104166015625 0.795 0.661458333984375 0.798333333984375 0.658854166015625 0.795833333984375 0.645833333984375 0.788333333984375 0.641666666015625 0.780833333984375 0.640625 0.775833333984375 0.642708333984375 0.775833333984375 0.645833333984375 0.780833333984375 0.651041666015625
0 0.4925 0.552083333984375 0.480833333984375 0.547395833984375 0.475833333984375 0.541666666015625 0.4725 0.5328125 0.455833333984375 0.528645833984375 0.4525 0.526041666015625 0.443333333984375 0.5265625 0.435833333984375 0.543229166015625 0.435833333984375 0.5625 0.439166666015625 0.566666666015625 0.448333333984375 0.572395833984375 0.46 0.575 0.4675 0.582291666015625 0.48 0.588020833984375 0.480833333984375 0.592708333984375 0.489166666015625 0.6 0.503333333984375 0.6 0.508333333984375 0.594791666015625 0.52 0.59375 0.525 0.5796875 0.523333333984375 0.572916666015625 0.51 0.56875 0.5125 0.5640625 0.51 0.561979166015625 0.495833333984375 0.559895833984375 0.4925 0.552083333984375
0 0.883333333984375 0.602604166015625 0.888333333984375 0.603645833984375 0.8925 0.6 0.8925 0.593229166015625 0.89 0.590104166015625 0.885 0.588020833984375 0.875 0.588541666015625 0.873333333984375 0.593229166015625 0.878333333984375 0.5953125 0.883333333984375 0.602604166015625
0 0.695833333984375 0.678125 0.7325 0.679166666015625 0.740833333984375 0.672916666015625 0.740833333984375 0.6578125 0.730833333984375 0.652604166015625 0.695833333984375 0.6515625 0.693333333984375 0.65625 0.693333333984375 0.669270833984375 0.695833333984375 0.678125