0 0.49375 0.660833333984375 0.498958333984375 0.665 0.5109375 0.665 0.524479166015625 0.685 0.541666666015625 0.696666666015625 0.544791666015625 0.711666666015625 0.5484375 0.716666666015625 0.5546875 0.72 0.560416666015625 0.7275 0.586979166015625 0.726666666015625 0.599479166015625 0.716666666015625 0.599479166015625 0.695 0.591145833984375 0.685 0.5875 0.675 0.584895833984375 0.6725 0.578645833984375 0.6725 0.574479166015625 0.6775 0.5671875 0.676666666015625 0.5609375 0.6675 0.561458333984375 0.659166666015625 0.559895833984375 0.655 0.545833333984375 0.645 0.5375 0.6325 0.535416666015625 0.625 0.527604166015625 0.62 0.525 0.613333333984375 0.519791666015625 0.6075 0.500520833984375 0.6125 0.4953125 0.618333333984375 0.495833333984375 0.6325 0.491145833984375 0.64 0.491145833984375 0.649166666015625 0.49375 0.660833333984375
0 0.408854166015625 0.1225 0.403125 0.111666666015625 0.395833333984375 0.1125 0.388020833984375 0.1225 0.386979166015625 0.1325 0.390104166015625 0.135 0.403125 0.134166666015625 0.408854166015625 0.1225
0 0.353645833984375 0.241666666015625 0.355208333984375 0.236666666015625 0.3546875 0.221666666015625 0.35 0.2175 0.334895833984375 0.2175 0.3296875 0.225833333984375 0.329166666015625 0.239166666015625 0.330729166015625 0.241666666015625 0.3515625 0.2425 0.353645833984375 0.241666666015625
0 0.3234375 0.386666666015625 0.33125 0.389166666015625 0.3515625 0.389166666015625 0.355729166015625 0.386666666015625 0.355208333984375 0.369166666015625 0.348958333984375 0.355833333984375 0.347916666015625 0.341666666015625 0.3390625 0.33 0.324479166015625 0.33 0.322916666015625 0.336666666015625 0.318229166015625 0.340833333984375 0.3171875 0.354166666015625 0.31875 0.360833333984375 0.322395833984375 0.365833333984375 0.3234375 0.386666666015625
0 0.372916666015625 0.189166666015625 0.375 0.175 0.366666666015625 0.1675 0.3609375 0.1675 0.3515625 0.1775 0.35 0.1825 0.35 0.191666666015625 0.354166666015625 0.194166666015625 0.36875 0.194166666015625 0.372916666015625 0.189166666015625
0 0.3796875 0.1775 0.3796875 0.166666666015625 0.3734375 0.1575 0.366145833984375 0.156666666015625 0.361979166015625 0.160833333984375 0.360416666015625 0.169166666015625 0.36875 0.17 0.375 0.179166666015625 0.3796875 0.1775
0 0.436458333984375 0.094166666015625 0.4375 0.085 0.435416666015625 0.08 0.427604166015625 0.08 0.4203125 0.085 0.416666666015625 0.0925 0.415625 0.098333333984375 0.4203125 0.101666666015625 0.430208333984375 0.1 0.436458333984375 0.094166666015625
0 0.357291666015625 0.224166666015625 0.359375 0.219166666015625 0.358333333984375 0.211666666015625 0.354166666015625 0.204166666015625 0.341145833984375 0.201666666015625 0.338541666015625 0.205 0.334895833984375 0.219166666015625 0.348958333984375 0.219166666015625 0.354166666015625 0.224166666015625 0.357291666015625 0.224166666015625
0 0.407291666015625 0.519166666015625 0.411979166015625 0.52 0.417708333984375 0.5325 0.425 0.54 0.427604166015625 0.551666666015625 0.433333333984375 0.560833333984375 0.4375 0.564166666015625 0.456770833984375 0.564166666015625 0.4734375 0.556666666015625 0.473958333984375 0.5475 0.471354166015625 0.544166666015625 0.4671875 0.5275 0.458333333984375 0.524166666015625 0.452604166015625 0.519166666015625 0.447916666015625 0.5075 0.440104166015625 0.504166666015625 0.438020833984375 0.49 0.4359375 0.4875 0.43125 0.49 0.427083333984375 0.476666666015625 0.4203125 0.475 0.40625 0.48 0.405208333984375 0.491666666015625 0.4 0.496666666015625 0.4 0.510833333984375 0.407291666015625 0.519166666015625
0 0.406770833984375 0.126666666015625 0.411458333984375 0.125 0.411979166015625 0.115 0.409895833984375 0.11 0.406770833984375 0.1075 0.4 0.1075 0.396354166015625 0.111666666015625 0.397395833984375 0.116666666015625 0.4046875 0.121666666015625 0.406770833984375 0.126666666015625
0 0.3484375 0.304166666015625 0.347395833984375 0.269166666015625 0.3421875 0.259166666015625 0.327083333984375 0.259166666015625 0.320833333984375 0.2675 0.321875 0.304166666015625 0.330729166015625 0.306666666015625 0.34375 0.306666666015625 0.3484375 0.304166666015625