0 0.38 0.574479166015625 0.38 0.560416666015625 0.375 0.550520833984375 0.366666666015625 0.5484375 0.358333333984375 0.543229166015625 0.355833333984375 0.536979166015625 0.365 0.530208333984375 0.365 0.525520833984375 0.360833333984375 0.519791666015625 0.350833333984375 0.516666666015625 0.35 0.5125 0.3425 0.5078125 0.3275 0.505208333984375 0.318333333984375 0.508854166015625 0.313333333984375 0.5140625 0.308333333984375 0.527083333984375 0.3075 0.5375 0.313333333984375 0.546875 0.315 0.55625 0.33 0.561979166015625 0.3325 0.564583333984375 0.335 0.575 0.34 0.579166666015625 0.350833333984375 0.597916666015625 0.355833333984375 0.6015625 0.355833333984375 0.613541666015625 0.358333333984375 0.618229166015625 0.369166666015625 0.624479166015625 0.38 0.624479166015625 0.3875 0.619270833984375 0.388333333984375 0.608854166015625 0.4025 0.594791666015625 0.4025 0.586458333984375 0.395 0.581770833984375 0.390833333984375 0.581770833984375 0.38 0.574479166015625
0 0.6575 0.373958333984375 0.658333333984375 0.3984375 0.666666666015625 0.398958333984375 0.675833333984375 0.394270833984375 0.6825 0.3875 0.683333333984375 0.3796875 0.680833333984375 0.377604166015625 0.68 0.369791666015625 0.675 0.3671875 0.6675 0.366666666015625 0.6575 0.373958333984375
0 0.6625 0.613020833984375 0.651666666015625 0.619270833984375 0.6375 0.622916666015625 0.633333333984375 0.630208333984375 0.6325 0.6453125 0.636666666015625 0.653125 0.640833333984375 0.6546875 0.655833333984375 0.6546875 0.6625 0.652083333984375 0.67 0.647916666015625 0.673333333984375 0.640625 0.6825 0.634895833984375 0.6825 0.631770833984375 0.675833333984375 0.625 0.664166666015625 0.621875 0.6625 0.613020833984375
0 0.796666666015625 0.529166666015625 0.7825 0.532291666015625 0.780833333984375 0.534375 0.778333333984375 0.541145833984375 0.780833333984375 0.555729166015625 0.784166666015625 0.557291666015625 0.793333333984375 0.556770833984375 0.8025 0.551041666015625 0.815 0.547916666015625 0.82 0.543229166015625 0.8225 0.536458333984375 0.8125 0.525520833984375 0.800833333984375 0.525520833984375 0.796666666015625 0.529166666015625
0 0.5275 0.6859375 0.5225 0.682291666015625 0.508333333984375 0.68125 0.5025 0.6828125 0.501666666015625 0.6875 0.4925 0.690104166015625 0.485833333984375 0.690104166015625 0.480833333984375 0.694270833984375 0.480833333984375 0.711979166015625 0.485833333984375 0.714583333984375 0.485833333984375 0.721875 0.494166666015625 0.7265625 0.5 0.726041666015625 0.505833333984375 0.721875 0.5175 0.721875 0.520833333984375 0.7234375 0.525833333984375 0.71875 0.525833333984375 0.7140625 0.5375 0.710416666015625 0.538333333984375 0.6953125 0.5375 0.692708333984375 0.53 0.6921875 0.5275 0.6859375
0 0.648333333984375 0.5875 0.645833333984375 0.581770833984375 0.629166666015625 0.586979166015625 0.6175 0.585416666015625 0.610833333984375 0.5890625 0.608333333984375 0.593229166015625 0.608333333984375 0.622916666015625 0.610833333984375 0.625 0.63 0.624479166015625 0.64 0.61875 0.64 0.615625 0.636666666015625 0.613020833984375 0.645833333984375 0.609895833984375 0.655 0.6015625 0.655833333984375 0.59375 0.648333333984375 0.5875
0 0.84 0.554166666015625 0.843333333984375 0.5578125 0.8525 0.5578125 0.8575 0.555729166015625 0.865 0.5484375 0.868333333984375 0.540104166015625 0.86 0.531770833984375 0.858333333984375 0.5265625 0.855833333984375 0.5265625 0.840833333984375 0.534375 0.84 0.554166666015625
0 0.420833333984375 0.264583333984375 0.4125 0.258854166015625 0.4125 0.2453125 0.41 0.240104166015625 0.403333333984375 0.234895833984375 0.4025 0.23125 0.3925 0.2265625 0.388333333984375 0.227604166015625 0.3825 0.2359375 0.3825 0.243229166015625 0.3875 0.249479166015625 0.3775 0.2578125 0.365833333984375 0.280208333984375 0.353333333984375 0.286979166015625 0.353333333984375 0.294791666015625 0.365833333984375 0.3203125 0.373333333984375 0.3265625 0.385 0.327083333984375 0.395833333984375 0.322395833984375 0.393333333984375 0.305729166015625 0.408333333984375 0.2921875 0.415833333984375 0.28125 0.415833333984375 0.2734375 0.420833333984375 0.269791666015625 0.420833333984375 0.264583333984375
0 0.615 0.340104166015625 0.6 0.338020833984375 0.5975 0.3390625 0.5975 0.364583333984375 0.61 0.371875 0.615833333984375 0.38125 0.6275 0.380729166015625 0.63 0.379166666015625 0.6275 0.363541666015625 0.63 0.361979166015625 0.63 0.35625 0.620833333984375 0.350520833984375 0.618333333984375 0.342708333984375 0.615 0.340104166015625
0 0.695 0.316666666015625 0.7025 0.322395833984375 0.71 0.321354166015625 0.715 0.316666666015625 0.715833333984375 0.301041666015625 0.71 0.2953125 0.7 0.294791666015625 0.6975 0.2953125 0.695 0.300520833984375 0.695 0.316666666015625
0 0.42 0.622395833984375 0.415 0.619270833984375 0.403333333984375 0.6171875 0.405833333984375 0.611979166015625 0.415833333984375 0.602604166015625 0.4025 0.6 0.3975 0.602604166015625 0.3975 0.605208333984375 0.3875 0.610416666015625 0.3875 0.620833333984375 0.3775 0.6265625 0.373333333984375 0.633333333984375 0.375833333984375 0.660416666015625 0.38 0.6625 0.385 0.6625 0.39 0.666666666015625 0.396666666015625 0.668229166015625 0.4375 0.66875 0.4425 0.6625 0.4475 0.6625 0.45 0.659375 0.4575 0.657291666015625 0.458333333984375 0.655208333984375 0.454166666015625 0.654166666015625 0.4475 0.647916666015625 0.4425 0.6375 0.435 0.636458333984375 0.423333333984375 0.629166666015625 0.42 0.622395833984375
0 0.453333333984375 0.233333333984375 0.445833333984375 0.23125 0.429166666015625 0.232291666015625 0.430833333984375 0.2734375 0.439166666015625 0.274479166015625 0.4575 0.272916666015625 0.466666666015625 0.276041666015625 0.479166666015625 0.276041666015625 0.485833333984375 0.273958333984375 0.485833333984375 0.269270833984375 0.48 0.266145833984375 0.483333333984375 0.238020833984375 0.465 0.233333333984375 0.460833333984375 0.233333333984375 0.456666666015625 0.236458333984375 0.453333333984375 0.233333333984375
0 0.605 0.629166666015625 0.605833333984375 0.616145833984375 0.605 0.602083333984375 0.601666666015625 0.599479166015625 0.588333333984375 0.598958333984375 0.586666666015625 0.60625 0.5675 0.603645833984375 0.556666666015625 0.607291666015625 0.545 0.6078125 0.538333333984375 0.609895833984375 0.533333333984375 0.6265625 0.535833333984375 0.645833333984375 0.54 0.648958333984375 0.555 0.648958333984375 0.565 0.6453125 0.573333333984375 0.638020833984375 0.583333333984375 0.6375 0.59 0.633854166015625 0.595833333984375 0.634895833984375 0.6025 0.632291666015625 0.605 0.629166666015625
0 0.345833333984375 0.383333333984375 0.345 0.3765625 0.3525 0.3703125 0.353333333984375 0.3640625 0.345833333984375 0.357291666015625 0.345 0.3515625 0.3325 0.3390625 0.328333333984375 0.3375 0.324166666015625 0.332291666015625 0.313333333984375 0.3296875 0.303333333984375 0.3328125 0.303333333984375 0.345833333984375 0.3 0.354166666015625 0.300833333984375 0.363020833984375 0.308333333984375 0.366666666015625 0.3125 0.371354166015625 0.305833333984375 0.383854166015625 0.305833333984375 0.43125 0.300833333984375 0.436979166015625 0.298333333984375 0.453125 0.300833333984375 0.45625 0.31 0.458333333984375 0.315 0.4625 0.32 0.463020833984375 0.325833333984375 0.46875 0.353333333984375 0.46875 0.355833333984375 0.467708333984375 0.355 0.451041666015625 0.345 0.44375 0.353333333984375 0.408333333984375 0.35 0.402604166015625 0.350833333984375 0.3890625 0.345833333984375 0.383333333984375
0 0.4475 0.6953125 0.4425 0.7 0.440833333984375 0.7078125 0.440833333984375 0.734895833984375 0.443333333984375 0.739583333984375 0.446666666015625 0.740625 0.46 0.739583333984375 0.473333333984375 0.736458333984375 0.4775 0.725520833984375 0.4875 0.7171875 0.480833333984375 0.7109375 0.4775 0.7015625 0.470833333984375 0.696354166015625 0.4475 0.6953125
0 0.6675 0.611979166015625 0.6575 0.613020833984375 0.658333333984375 0.6171875 0.665833333984375 0.622916666015625 0.678333333984375 0.6265625 0.683333333984375 0.633333333984375 0.69 0.6375 0.693333333984375 0.636458333984375 0.6975 0.633854166015625 0.7 0.628125 0.7 0.613020833984375 0.69 0.60625 0.6725 0.601041666015625 0.668333333984375 0.604166666015625 0.6675 0.611979166015625
0 0.675 0.6015625 0.670833333984375 0.602604166015625 0.6675 0.610416666015625 0.6575 0.6125 0.648333333984375 0.621354166015625 0.6375 0.623958333984375 0.635 0.627604166015625 0.635 0.650520833984375 0.645833333984375 0.655208333984375 0.655833333984375 0.6546875 0.6725 0.647916666015625 0.6775 0.640625 0.6825 0.6375 0.690833333984375 0.6375 0.6975 0.633854166015625 0.6975 0.610416666015625 0.675 0.6015625
0 0.678333333984375 0.59375 0.6775 0.5765625 0.669166666015625 0.577604166015625 0.663333333984375 0.5734375 0.65 0.569270833984375 0.645833333984375 0.5703125 0.643333333984375 0.577604166015625 0.635 0.578125 0.626666666015625 0.5859375 0.6175 0.5859375 0.6125 0.588541666015625 0.608333333984375 0.595833333984375 0.6075 0.613020833984375 0.61 0.623958333984375 0.629166666015625 0.624479166015625 0.6375 0.61875 0.635833333984375 0.613541666015625 0.64 0.610416666015625 0.653333333984375 0.605208333984375 0.6625 0.604166666015625 0.67 0.596354166015625 0.678333333984375 0.59375
0 0.523333333984375 0.274479166015625 0.523333333984375 0.3078125 0.5425 0.3203125 0.545 0.3296875 0.548333333984375 0.331770833984375 0.5625 0.331770833984375 0.5625 0.323958333984375 0.558333333984375 0.318229166015625 0.565 0.302604166015625 0.548333333984375 0.288541666015625 0.5425 0.275520833984375 0.5275 0.2734375 0.523333333984375 0.274479166015625
0 0.708333333984375 0.569791666015625 0.708333333984375 0.595833333984375 0.710833333984375 0.5984375 0.719166666015625 0.5984375 0.725833333984375 0.594270833984375 0.748333333984375 0.591666666015625 0.7575 0.5859375 0.758333333984375 0.568229166015625 0.756666666015625 0.563541666015625 0.7425 0.558333333984375 0.725 0.564583333984375 0.715 0.565625 0.708333333984375 0.569791666015625
0 0.845833333984375 0.496875 0.843333333984375 0.5015625 0.843333333984375 0.515625 0.845833333984375 0.519270833984375 0.8575 0.519791666015625 0.868333333984375 0.511979166015625 0.870833333984375 0.506770833984375 0.88 0.502604166015625 0.880833333984375 0.49375 0.8775 0.491666666015625 0.853333333984375 0.49375 0.845833333984375 0.496875
0 0.47 0.638020833984375 0.45 0.636458333984375 0.4475 0.6375 0.4475 0.6453125 0.45 0.650520833984375 0.458333333984375 0.6546875 0.46 0.658333333984375 0.45 0.658854166015625 0.45 0.6609375 0.443333333984375 0.663541666015625 0.438333333984375 0.669270833984375 0.4375 0.677604166015625 0.439166666015625 0.6796875 0.446666666015625 0.68125 0.459166666015625 0.68125 0.468333333984375 0.676041666015625 0.478333333984375 0.675520833984375 0.4825 0.6734375 0.485833333984375 0.650520833984375 0.473333333984375 0.644270833984375 0.473333333984375 0.640104166015625 0.47 0.638020833984375