0 0.1109375 0.939166666015625 0.1125 0.941666666015625 0.115625 0.9375 0.118229166015625 0.9325 0.118229166015625 0.9275 0.105729166015625 0.9275 0.109895833984375 0.9375 0.1078125 0.941666666015625 0.1109375 0.939166666015625
0 0.136458333984375 0.9275 0.143229166015625 0.9275 0.134895833984375 0.926666666015625 0.130208333984375 0.921666666015625 0.128125 0.925 0.122395833984375 0.925 0.119791666015625 0.9275 0.121354166015625 0.935 0.134375 0.9325 0.136458333984375 0.9275
0 0.080729166015625 0.821666666015625 0.080729166015625 0.814166666015625 0.085416666015625 0.819166666015625 0.080729166015625 0.805 0.076041666015625 0.8025 0.0609375 0.8025 0.058854166015625 0.8125 0.0625 0.821666666015625 0.065625 0.824166666015625 0.080729166015625 0.821666666015625
0 0.081770833984375 0.774166666015625 0.080729166015625 0.771666666015625 0.080729166015625 0.788333333984375 0.088368228515625 0.79 0.089415080078125 0.787846171875 0.086458333984375 0.784166666015625 0.0859375 0.775 0.081770833984375 0.774166666015625
0 0.071354166015625 0.774166666015625 0.075 0.771666666015625 0.066666666015625 0.771666666015625 0.063020833984375 0.774166666015625 0.063541666015625 0.7875 0.06875 0.789166666015625 0.071354166015625 0.785 0.071354166015625 0.774166666015625
0 0.070833333984375 0.761666666015625 0.0640625 0.759166666015625 0.0625 0.754166666015625 0.058854166015625 0.754166666015625 0.055729166015625 0.75 0.055208333984375 0.755 0.053645833984375 0.755 0.052083333984375 0.75 0.0515625 0.754166666015625 0.057291666015625 0.756666666015625 0.059895833984375 0.764166666015625 0.070833333984375 0.761666666015625
0 0.068229166015625 0.714166666015625 0.063541666015625 0.716666666015625 0.063541666015625 0.724166666015625 0.068229166015625 0.724166666015625 0.0703125 0.72 0.068229166015625 0.714166666015625
0 0.119791666015625 0.664166666015625 0.1171875 0.669166666015625 0.116145833984375 0.664166666015625 0.1078125 0.663333333984375 0.109375 0.67 0.11875 0.67 0.120833333984375 0.6675 0.119791666015625 0.664166666015625
0 0.06875 0.67 0.071354166015625 0.666666666015625 0.074479166015625 0.6675 0.074479166015625 0.6625 0.069791666015625 0.666666666015625 0.067708333984375 0.660833333984375 0.06875 0.6575 0.065625 0.6575 0.0640625 0.660833333984375 0.0625 0.6575 0.061979166015625 0.6625 0.0515625 0.665833333984375 0.052604166015625 0.669166666015625 0.0546875 0.665 0.055729166015625 0.669166666015625 0.06875 0.67
0 0 0.9475 0.01875 0.945 0.06875 0.946666666015625 0.090104166015625 0.941666666015625 0.0828125 0.939166666015625 0.080729166015625 0.935 0.08125 0.926666666015625 0.090104166015625 0.925 0.086458333984375 0.9225 0.041666666015625 0.918333333984375 0.0421875 0.874166666015625 0.040625 0.850833333984375 0.042708333984375 0.821666666015625 0.042708333984375 0.751666666015625 0.041145833984375 0.730833333984375 0.041666666015625 0.683333333984375 0.044270833984375 0.6675 0.042708333984375 0.666666666015625 0.041145833984375 0.653333333984375 0.041666666015625 0.595 0.0390625 0.584166666015625 0.041145833984375 0.566666666015625 0.040625 0.561666666015625 0.0359375 0.5575 0.034895833984375 0.560833333984375 0.036979166015625 0.564166666015625 0.034895833984375 0.566666666015625 0.036458333984375 0.570833333984375 0.0328125 0.574166666015625 0.035416666015625 0.575 0.0375 0.58 0.036979166015625 0.584166666015625 0.011979166015625 0.5975 0 0.6 0 0.9475
0 0.0390625 0.5525 0.040625 0.549166666015625 0.0390625 0.544166666015625 0.032291666015625 0.545 0.03125 0.5425 0.029166666015625 0.5425 0.028125 0.546666666015625 0.025 0.546666666015625 0.025520833984375 0.554166666015625 0.030208333984375 0.554166666015625 0.034895833984375 0.55 0.0390625 0.5525
0 0.0380859375 0.5107421875 0.0009765625 0.001953125
0 0.171875 0.64 0.1703125 0.696666666015625 0.172395833984375 0.741666666015625 0.16875 0.773333333984375 0.1703125 0.818333333984375 0.172916666015625 0.825 0.172916666015625 0.831666666015625 0.1703125 0.8475 0.170833333984375 0.8525 0.181770833984375 0.854166666015625 0.185416666015625 0.8575 0.184375 0.876666666015625 0.181770833984375 0.88 0.171875 0.8825 0.178645833984375 0.9 0.203645833984375 0.881666666015625 0.205729166015625 0.875 0.216145833984375 0.869166666015625 0.244270833984375 0.841666666015625 0.2484375 0.835 0.254166666015625 0.831666666015625 0.258333333984375 0.825 0.26875 0.819166666015625 0.278125 0.8025 0.286458333984375 0.795 0.300520833984375 0.7925 0.319791666015625 0.799166666015625 0.348958333984375 0.799166666015625 0.3546875 0.795833333984375 0.3609375 0.779166666015625 0.363020833984375 0.763333333984375 0.3671875 0.754166666015625 0.371875 0.73 0.3734375 0.655 0.368229166015625 0.626666666015625 0.365104166015625 0.621666666015625 0.3609375 0.606666666015625 0.353645833984375 0.6 0.334895833984375 0.599166666015625 0.3234375 0.590833333984375 0.323958333984375 0.584166666015625 0.328645833984375 0.574166666015625 0.328645833984375 0.545833333984375 0.33125 0.526666666015625 0.328125 0.518333333984375 0.322916666015625 0.515 0.283854166015625 0.516666666015625 0.244270833984375 0.509166666015625 0.2109375 0.509166666015625 0.195833333984375 0.504166666015625 0.174479166015625 0.504166666015625 0.172395833984375 0.5075 0.172916666015625 0.539166666015625 0.172395833984375 0.556666666015625 0.170833333984375 0.56 0.172395833984375 0.599166666015625 0.1703125 0.628333333984375 0.1703125 0.636666666015625 0.171875 0.64
0 0.41875 0.541666666015625 0.420833333984375 0.5425 0.439583333984375 0.5425 0.4453125 0.535 0.455729166015625 0.534166666015625 0.4828125 0.541666666015625 0.5046875 0.54 0.514583333984375 0.545 0.5203125 0.541666666015625 0.530208333984375 0.541666666015625 0.5375 0.5425 0.543229166015625 0.546666666015625 0.5546875 0.545 0.568229166015625 0.5475 0.577083333984375 0.5525 0.591666666015625 0.5525 0.59375 0.55 0.5953125 0.535 0.6 0.526666666015625 0.6 0.5175 0.603125 0.5125 0.630729166015625 0.514166666015625 0.634375 0.511666666015625 0.636979166015625 0.4975 0.636979166015625 0.439166666015625 0.634375 0.43 0.6296875 0.425 0.6140625 0.424166666015625 0.6125 0.421666666015625 0.613541666015625 0.4025 0.6125 0.3975 0.609375 0.395 0.5484375 0.389166666015625 0.544270833984375 0.385833333984375 0.548958333984375 0.379166666015625 0.546875 0.3775 0.532291666015625 0.376666666015625 0.529166666015625 0.379166666015625 0.530729166015625 0.3825 0.522916666015625 0.395 0.522395833984375 0.405 0.507291666015625 0.409166666015625 0.502083333984375 0.415 0.503125 0.424166666015625 0.496875 0.439166666015625 0.486979166015625 0.441666666015625 0.481770833984375 0.436666666015625 0.480729166015625 0.43 0.469791666015625 0.43 0.46875 0.4325 0.473958333984375 0.4375 0.4734375 0.441666666015625 0.469270833984375 0.449166666015625 0.468229166015625 0.456666666015625 0.4625 0.461666666015625 0.4578125 0.461666666015625 0.455208333984375 0.458333333984375 0.453645833984375 0.445 0.447916666015625 0.435 0.434895833984375 0.435 0.4203125 0.44 0.4078125 0.4625 0.407291666015625 0.466666666015625 0.400520833984375 0.4725 0.397395833984375 0.495833333984375 0.397395833984375 0.5225 0.4 0.526666666015625 0.4125 0.53 0.41875 0.541666666015625
0 0.618229166015625 0.36 0.630208333984375 0.3625 0.636979166015625 0.359166666015625 0.636979166015625 0.336666666015625 0.634375 0.33 0.631770833984375 0.33 0.626041666015625 0.32 0.601041666015625 0.32 0.594791666015625 0.329166666015625 0.591666666015625 0.3275 0.584375 0.3325 0.580208333984375 0.3325 0.5765625 0.340833333984375 0.577083333984375 0.359166666015625 0.58125 0.3625 0.586979166015625 0.36 0.618229166015625 0.36