0 0.6 0.692708333984375 0.6 0.709895833984375 0.6025 0.716145833984375 0.61 0.721875 0.615 0.722916666015625 0.6225 0.719791666015625 0.6225 0.7046875 0.634166666015625 0.697395833984375 0.6375 0.688541666015625 0.646666666015625 0.679166666015625 0.649166666015625 0.672916666015625 0.641666666015625 0.649479166015625 0.636666666015625 0.645833333984375 0.6225 0.645833333984375 0.6175 0.646354166015625 0.6125 0.649479166015625 0.6125 0.666145833984375 0.6 0.680729166015625 0.599166666015625 0.685416666015625 0.594166666015625 0.688541666015625 0.6 0.692708333984375
0 0.2475 0.480729166015625 0.244166666015625 0.477083333984375 0.24 0.4765625 0.226666666015625 0.480729166015625 0.2175 0.4875 0.215 0.49375 0.216666666015625 0.4984375 0.221666666015625 0.501041666015625 0.239166666015625 0.4984375 0.2475 0.49375 0.2475 0.480729166015625
0 0.4275 0.397395833984375 0.425 0.389583333984375 0.420833333984375 0.386458333984375 0.4125 0.384375 0.409166666015625 0.379166666015625 0.394166666015625 0.38125 0.3875 0.386979166015625 0.389166666015625 0.401041666015625 0.396666666015625 0.402083333984375 0.4 0.405208333984375 0.414166666015625 0.4078125 0.416666666015625 0.4 0.4275 0.397395833984375
0 0.585 0.408333333984375 0.596666666015625 0.411979166015625 0.6 0.425 0.616666666015625 0.429166666015625 0.6225 0.4328125 0.630833333984375 0.4328125 0.64 0.418229166015625 0.641666666015625 0.4 0.639166666015625 0.396354166015625 0.629166666015625 0.389583333984375 0.615 0.386458333984375 0.605 0.379166666015625 0.591666666015625 0.372916666015625 0.591666666015625 0.365104166015625 0.5875 0.3625 0.573333333984375 0.361979166015625 0.569166666015625 0.3640625 0.559166666015625 0.365104166015625 0.555 0.369270833984375 0.55 0.385416666015625 0.559166666015625 0.389583333984375 0.56 0.3953125 0.566666666015625 0.398958333984375 0.576666666015625 0.399479166015625 0.585 0.408333333984375
0 0.364166666015625 0.443229166015625 0.3675 0.435416666015625 0.365 0.418229166015625 0.3525 0.418229166015625 0.345 0.420833333984375 0.34 0.427083333984375 0.34 0.430729166015625 0.344166666015625 0.434895833984375 0.345 0.443229166015625 0.349166666015625 0.444270833984375 0.364166666015625 0.443229166015625
0 0.469166666015625 0.36875 0.478333333984375 0.3703125 0.479166666015625 0.372916666015625 0.485 0.376041666015625 0.494166666015625 0.3765625 0.4975 0.3703125 0.51 0.372395833984375 0.518333333984375 0.369791666015625 0.5325 0.3703125 0.54 0.3671875 0.544166666015625 0.353645833984375 0.541666666015625 0.338020833984375 0.535833333984375 0.335416666015625 0.515 0.3359375 0.5075 0.3375 0.504166666015625 0.340625 0.48 0.342708333984375 0.473333333984375 0.348958333984375 0.4675 0.35 0.465 0.366145833984375 0.469166666015625 0.36875
0 0.354166666015625 0.4421875 0.346666666015625 0.438541666015625 0.346666666015625 0.427604166015625 0.351666666015625 0.4234375 0.351666666015625 0.4203125 0.3475 0.418229166015625 0.3425 0.419791666015625 0.3325 0.433333333984375 0.32 0.439583333984375 0.32 0.452083333984375 0.335 0.453645833984375 0.346666666015625 0.4515625 0.354166666015625 0.447916666015625 0.354166666015625 0.4421875
0 0.449166666015625 0.366145833984375 0.446666666015625 0.3625 0.440833333984375 0.359895833984375 0.43 0.360416666015625 0.4175 0.3671875 0.406666666015625 0.3796875 0.41 0.384895833984375 0.4275 0.394270833984375 0.441666666015625 0.3921875 0.449166666015625 0.384375 0.449166666015625 0.366145833984375
0 0.46 0.641666666015625 0.46 0.619791666015625 0.446666666015625 0.6125 0.446666666015625 0.607291666015625 0.444166666015625 0.605729166015625 0.434166666015625 0.605729166015625 0.431666666015625 0.608333333984375 0.4325 0.619791666015625 0.43 0.627083333984375 0.439166666015625 0.631770833984375 0.445 0.642708333984375 0.456666666015625 0.64375 0.46 0.641666666015625
0 0.649166666015625 0.566145833984375 0.654166666015625 0.569791666015625 0.654166666015625 0.576041666015625 0.649166666015625 0.580208333984375 0.6475 0.586458333984375 0.65 0.591145833984375 0.656666666015625 0.594791666015625 0.654166666015625 0.598958333984375 0.6575 0.603125 0.675 0.6125 0.684166666015625 0.613020833984375 0.694166666015625 0.605729166015625 0.6925 0.583333333984375 0.684166666015625 0.577083333984375 0.6875 0.560416666015625 0.685 0.533333333984375 0.6825 0.528125 0.685 0.505729166015625 0.676666666015625 0.501041666015625 0.668333333984375 0.500520833984375 0.66 0.497395833984375 0.6525 0.497916666015625 0.644166666015625 0.5015625 0.64 0.50625 0.641666666015625 0.516666666015625 0.6475 0.521354166015625 0.6425 0.544270833984375 0.6475 0.55 0.649166666015625 0.566145833984375
0 0.289166666015625 0.458333333984375 0.285833333984375 0.456770833984375 0.278333333984375 0.457291666015625 0.259166666015625 0.46875 0.26 0.4765625 0.264166666015625 0.480729166015625 0.275 0.480208333984375 0.279166666015625 0.477083333984375 0.289166666015625 0.473958333984375 0.289166666015625 0.458333333984375
0 0.524166666015625 0.705208333984375 0.526666666015625 0.704166666015625 0.526666666015625 0.675 0.509166666015625 0.666666666015625 0.5 0.658333333984375 0.493333333984375 0.658854166015625 0.49 0.661979166015625 0.4925 0.6765625 0.489166666015625 0.683333333984375 0.49 0.688020833984375 0.504166666015625 0.693229166015625 0.5075 0.702083333984375 0.524166666015625 0.705208333984375