0 0.622916666015625 0.5475 0.617708333984375 0.55 0.613541666015625 0.5575 0.6015625 0.56 0.5953125 0.5675 0.593229166015625 0.574166666015625 0.5890625 0.575 0.586458333984375 0.579166666015625 0.578125 0.5825 0.574479166015625 0.586666666015625 0.56875 0.586666666015625 0.560416666015625 0.575 0.553125 0.575 0.547395833984375 0.581666666015625 0.544791666015625 0.594166666015625 0.534895833984375 0.591666666015625 0.532291666015625 0.595 0.528645833984375 0.614166666015625 0.530208333984375 0.626666666015625 0.534375 0.636666666015625 0.558333333984375 0.649166666015625 0.566666666015625 0.649166666015625 0.574479166015625 0.641666666015625 0.5875 0.641666666015625 0.591145833984375 0.639166666015625 0.59375 0.634166666015625 0.595833333984375 0.6225 0.599479166015625 0.62 0.6171875 0.619166666015625 0.6578125 0.595 0.675 0.595 0.680729166015625 0.59 0.683854166015625 0.578333333984375 0.683854166015625 0.5675 0.682291666015625 0.5625 0.683854166015625 0.550833333984375 0.6828125 0.5425 0.677604166015625 0.54 0.675520833984375 0.535 0.672916666015625 0.5375 0.6640625 0.5375 0.655208333984375 0.53 0.6515625 0.535 0.651041666015625 0.5425 0.647916666015625 0.546666666015625 0.622916666015625 0.5475
0 0.3078125 0.584166666015625 0.295833333984375 0.5875 0.2859375 0.575 0.278645833984375 0.574166666015625 0.2734375 0.579166666015625 0.271354166015625 0.576666666015625 0.265104166015625 0.5775 0.2625 0.58 0.258333333984375 0.591666666015625 0.2390625 0.5975 0.23125 0.61 0.227604166015625 0.6225 0.227604166015625 0.629166666015625 0.230729166015625 0.631666666015625 0.2390625 0.631666666015625 0.2421875 0.629166666015625 0.251041666015625 0.639166666015625 0.25625 0.639166666015625 0.260416666015625 0.636666666015625 0.265625 0.6275 0.273958333984375 0.625 0.288541666015625 0.639166666015625 0.322395833984375 0.646666666015625 0.331770833984375 0.654166666015625 0.340625 0.655 0.350520833984375 0.6675 0.360416666015625 0.6675 0.380729166015625 0.6425 0.3875 0.639166666015625 0.389583333984375 0.6275 0.394270833984375 0.619166666015625 0.394270833984375 0.6 0.390104166015625 0.5975 0.378645833984375 0.5975 0.365104166015625 0.61 0.339583333984375 0.5925 0.330729166015625 0.589166666015625 0.326041666015625 0.584166666015625 0.3140625 0.586666666015625 0.3125 0.584166666015625 0.3078125 0.584166666015625
0 0.2625 0.3075 0.259375 0.311666666015625 0.256770833984375 0.321666666015625 0.257291666015625 0.3325 0.2625 0.336666666015625 0.290104166015625 0.335 0.297916666015625 0.3375 0.3015625 0.325833333984375 0.30625 0.324166666015625 0.3125 0.3125 0.321354166015625 0.311666666015625 0.326041666015625 0.3025 0.326041666015625 0.293333333984375 0.324479166015625 0.289166666015625 0.321354166015625 0.2875 0.313541666015625 0.289166666015625 0.311979166015625 0.291666666015625 0.301041666015625 0.291666666015625 0.29375 0.285 0.2875 0.285 0.2734375 0.3075 0.2625 0.3075
0 0.198958333984375 0.425 0.1953125 0.429166666015625 0.19375 0.435 0.194270833984375 0.461666666015625 0.2171875 0.46 0.2234375 0.456666666015625 0.235416666015625 0.459166666015625 0.244270833984375 0.4575 0.2453125 0.438333333984375 0.241666666015625 0.423333333984375 0.2453125 0.411666666015625 0.244791666015625 0.3975 0.239583333984375 0.39 0.2328125 0.3925 0.229166666015625 0.3975 0.2171875 0.395 0.209375 0.4 0.2046875 0.3925 0.196354166015625 0.396666666015625 0.192708333984375 0.4175 0.198958333984375 0.425
0 0.644791666015625 0.4625 0.6375 0.46 0.633854166015625 0.4625 0.6296875 0.475833333984375 0.627083333984375 0.476666666015625 0.620833333984375 0.489166666015625 0.6 0.5 0.6015625 0.511666666015625 0.59375 0.521666666015625 0.586979166015625 0.521666666015625 0.579166666015625 0.5125 0.569270833984375 0.5175 0.563541666015625 0.533333333984375 0.558333333984375 0.538333333984375 0.552604166015625 0.5575 0.563541666015625 0.571666666015625 0.570833333984375 0.576666666015625 0.586979166015625 0.576666666015625 0.591145833984375 0.574166666015625 0.598958333984375 0.56 0.613020833984375 0.556666666015625 0.613020833984375 0.5525 0.616666666015625 0.5475 0.645833333984375 0.545 0.648958333984375 0.5425 0.653125 0.530833333984375 0.6578125 0.5275 0.6671875 0.535 0.669791666015625 0.535 0.672395833984375 0.53 0.6734375 0.5325 0.672395833984375 0.529166666015625 0.664583333984375 0.524166666015625 0.6625 0.5175 0.663541666015625 0.514166666015625 0.677083333984375 0.511666666015625 0.682291666015625 0.504166666015625 0.683333333984375 0.4875 0.679166666015625 0.4775 0.680729166015625 0.465 0.6796875 0.46 0.675520833984375 0.455 0.670833333984375 0.455 0.668229166015625 0.451666666015625 0.663020833984375 0.451666666015625 0.6578125 0.4475 0.651041666015625 0.449166666015625 0.6484375 0.458333333984375 0.644791666015625 0.4625
0 0.3796875 0.2275 0.381770833984375 0.224166666015625 0.385416666015625 0.224166666015625 0.388541666015625 0.219166666015625 0.3890625 0.21 0.3875 0.205 0.383854166015625 0.2025 0.3765625 0.2075 0.368229166015625 0.2025 0.35625 0.204166666015625 0.347395833984375 0.219166666015625 0.34375 0.221666666015625 0.342708333984375 0.241666666015625 0.375520833984375 0.2425 0.3796875 0.2275
0 0.301041666015625 0.121666666015625 0.300520833984375 0.11 0.299479166015625 0.1075 0.2875 0.1075 0.283333333984375 0.105 0.272916666015625 0.1075 0.270833333984375 0.114166666015625 0.271354166015625 0.124166666015625 0.275520833984375 0.129166666015625 0.299479166015625 0.126666666015625 0.301041666015625 0.121666666015625
0 0.73125 0.384166666015625 0.725 0.384166666015625 0.720833333984375 0.3975 0.720833333984375 0.404166666015625 0.725 0.409166666015625 0.725 0.425 0.71875 0.43 0.713541666015625 0.439166666015625 0.7109375 0.46 0.7109375 0.479166666015625 0.7125 0.484166666015625 0.714583333984375 0.4875 0.732291666015625 0.495 0.763020833984375 0.495 0.765625 0.488333333984375 0.768229166015625 0.46 0.763020833984375 0.426666666015625 0.764583333984375 0.4225 0.76875 0.421666666015625 0.7734375 0.413333333984375 0.772916666015625 0.394166666015625 0.769791666015625 0.389166666015625 0.765104166015625 0.389166666015625 0.763020833984375 0.386666666015625 0.764583333984375 0.375 0.761458333984375 0.37 0.740104166015625 0.3675 0.733854166015625 0.3725 0.733333333984375 0.380833333984375 0.73125 0.384166666015625
0 0.69375 0.206666666015625 0.692708333984375 0.229166666015625 0.6953125 0.234166666015625 0.703125 0.235833333984375 0.7109375 0.261666666015625 0.71875 0.279166666015625 0.723958333984375 0.284166666015625 0.7296875 0.286666666015625 0.751041666015625 0.286666666015625 0.756770833984375 0.284166666015625 0.760416666015625 0.279166666015625 0.760416666015625 0.2725 0.757291666015625 0.266666666015625 0.754166666015625 0.251666666015625 0.7390625 0.2225 0.738020833984375 0.209166666015625 0.728125 0.2025 0.725 0.194166666015625 0.7015625 0.194166666015625 0.7 0.195 0.7 0.201666666015625 0.6984375 0.204166666015625 0.69375 0.206666666015625
0 0.3421875 0.155 0.350520833984375 0.165 0.371354166015625 0.164166666015625 0.377083333984375 0.161666666015625 0.379166666015625 0.156666666015625 0.378645833984375 0.149166666015625 0.375 0.1425 0.366145833984375 0.14 0.3578125 0.1325 0.353645833984375 0.1325 0.345833333984375 0.14 0.338020833984375 0.1375 0.334375 0.146666666015625 0.335416666015625 0.1525 0.3421875 0.155
0 0.717708333984375 0.2775 0.711979166015625 0.27 0.708854166015625 0.269166666015625 0.705208333984375 0.2575 0.684375 0.256666666015625 0.677604166015625 0.261666666015625 0.679166666015625 0.2725 0.672395833984375 0.275 0.6671875 0.3 0.66875 0.3025 0.680208333984375 0.301666666015625 0.681770833984375 0.304166666015625 0.682291666015625 0.321666666015625 0.69375 0.338333333984375 0.7 0.3625 0.721875 0.3675 0.740104166015625 0.364166666015625 0.7453125 0.359166666015625 0.7453125 0.3425 0.741666666015625 0.33 0.736979166015625 0.3225 0.733333333984375 0.3225 0.729166666015625 0.326666666015625 0.726041666015625 0.325833333984375 0.724479166015625 0.320833333984375 0.725 0.3025 0.71875 0.295833333984375 0.717708333984375 0.2775
0 0.622916666015625 0.156666666015625 0.615625 0.159166666015625 0.6171875 0.17 0.609895833984375 0.174166666015625 0.607291666015625 0.191666666015625 0.616666666015625 0.199166666015625 0.6171875 0.211666666015625 0.623958333984375 0.22 0.625 0.236666666015625 0.6265625 0.239166666015625 0.635416666015625 0.245 0.66875 0.2425 0.670833333984375 0.234166666015625 0.6703125 0.2275 0.668229166015625 0.215 0.665104166015625 0.209166666015625 0.65625 0.205833333984375 0.655208333984375 0.195833333984375 0.650520833984375 0.185833333984375 0.648958333984375 0.174166666015625 0.640104166015625 0.1675 0.638541666015625 0.1575 0.622916666015625 0.156666666015625
0 0.23125 0.476666666015625 0.2234375 0.476666666015625 0.21875 0.4875 0.194270833984375 0.4875 0.1859375 0.4925 0.1828125 0.4975 0.175520833984375 0.496666666015625 0.174479166015625 0.5 0.174479166015625 0.51 0.178125 0.519166666015625 0.183854166015625 0.524166666015625 0.1921875 0.524166666015625 0.2 0.52 0.2046875 0.525833333984375 0.206770833984375 0.5325 0.213020833984375 0.539166666015625 0.232291666015625 0.55 0.2375 0.564166666015625 0.240625 0.565 0.252083333984375 0.564166666015625 0.284895833984375 0.55 0.291666666015625 0.5425 0.293229166015625 0.535833333984375 0.2921875 0.5275 0.286458333984375 0.516666666015625 0.269270833984375 0.5175 0.2640625 0.514166666015625 0.256770833984375 0.5025 0.2484375 0.499166666015625 0.242708333984375 0.49 0.233854166015625 0.4875 0.231770833984375 0.484166666015625 0.23125 0.476666666015625
0 0.465104166015625 0.521666666015625 0.444270833984375 0.5225 0.436979166015625 0.535 0.433333333984375 0.5375 0.425520833984375 0.536666666015625 0.422916666015625 0.5275 0.41875 0.5225 0.411458333984375 0.521666666015625 0.405208333984375 0.529166666015625 0.402604166015625 0.545 0.396875 0.5425 0.397916666015625 0.5375 0.394270833984375 0.531666666015625 0.3875 0.5375 0.385416666015625 0.55 0.375 0.5675 0.375 0.574166666015625 0.3875 0.589166666015625 0.39375 0.589166666015625 0.401041666015625 0.584166666015625 0.41875 0.586666666015625 0.426041666015625 0.574166666015625 0.457291666015625 0.576666666015625 0.503125 0.569166666015625 0.505729166015625 0.566666666015625 0.509895833984375 0.5675 0.513541666015625 0.571666666015625 0.525520833984375 0.571666666015625 0.53125 0.563333333984375 0.533333333984375 0.545 0.536979166015625 0.5425 0.538541666015625 0.5375 0.538541666015625 0.530833333984375 0.535416666015625 0.525 0.536458333984375 0.510833333984375 0.5328125 0.5025 0.528645833984375 0.5 0.524479166015625 0.506666666015625 0.5109375 0.506666666015625 0.502604166015625 0.519166666015625 0.476041666015625 0.5175 0.472395833984375 0.511666666015625 0.469270833984375 0.511666666015625 0.465104166015625 0.521666666015625