0 0.3984375 0.644166666015625 0.402083333984375 0.649166666015625 0.420833333984375 0.66 0.425 0.665 0.435416666015625 0.6675 0.438020833984375 0.67 0.44375 0.685 0.453125 0.686666666015625 0.4625 0.6925 0.472916666015625 0.691666666015625 0.4859375 0.686666666015625 0.491145833984375 0.681666666015625 0.494791666015625 0.6725 0.4921875 0.6575 0.4875 0.65 0.483333333984375 0.649166666015625 0.480208333984375 0.639166666015625 0.474479166015625 0.635 0.469791666015625 0.635 0.463020833984375 0.644166666015625 0.456770833984375 0.641666666015625 0.4515625 0.633333333984375 0.449479166015625 0.625 0.439583333984375 0.62 0.425520833984375 0.62 0.418229166015625 0.609166666015625 0.418229166015625 0.605 0.413541666015625 0.5975 0.405208333984375 0.5975 0.391145833984375 0.611666666015625 0.380729166015625 0.6125 0.375520833984375 0.62 0.375520833984375 0.630833333984375 0.381770833984375 0.641666666015625 0.386458333984375 0.644166666015625 0.3984375 0.644166666015625
0 0.633333333984375 0.3325 0.6328125 0.325 0.630208333984375 0.32 0.622395833984375 0.319166666015625 0.6203125 0.316666666015625 0.6125 0.3175 0.605729166015625 0.324166666015625 0.601041666015625 0.333333333984375 0.6015625 0.341666666015625 0.626041666015625 0.3425 0.633333333984375 0.3325
0 0.3546875 0.3675 0.369791666015625 0.366666666015625 0.377083333984375 0.3625 0.380729166015625 0.348333333984375 0.386979166015625 0.3375 0.378125 0.335833333984375 0.375 0.324166666015625 0.368229166015625 0.3175 0.365104166015625 0.3175 0.359375 0.326666666015625 0.352083333984375 0.33 0.347916666015625 0.3375 0.3453125 0.344166666015625 0.3453125 0.359166666015625 0.346875 0.363333333984375 0.3546875 0.3675
0 0.465625 0.219166666015625 0.467708333984375 0.2175 0.470833333984375 0.203333333984375 0.474479166015625 0.199166666015625 0.474479166015625 0.1875 0.463541666015625 0.1775 0.456770833984375 0.18 0.452083333984375 0.185 0.448958333984375 0.1975 0.443229166015625 0.206666666015625 0.442708333984375 0.215833333984375 0.444270833984375 0.219166666015625 0.458854166015625 0.221666666015625 0.465625 0.219166666015625
0 0.2734375 0.505833333984375 0.278125 0.514166666015625 0.285416666015625 0.514166666015625 0.288020833984375 0.519166666015625 0.305729166015625 0.519166666015625 0.309895833984375 0.514166666015625 0.309895833984375 0.5075 0.3125 0.498333333984375 0.3171875 0.4975 0.31875 0.491666666015625 0.317708333984375 0.4775 0.3140625 0.4725 0.3078125 0.47 0.307291666015625 0.4625 0.3046875 0.461666666015625 0.289583333984375 0.4625 0.2859375 0.474166666015625 0.28125 0.474166666015625 0.2765625 0.479166666015625 0.278125 0.4825 0.278125 0.494166666015625 0.273958333984375 0.5 0.2734375 0.505833333984375
0 0.4109375 0.389166666015625 0.414583333984375 0.3825 0.413020833984375 0.370833333984375 0.418229166015625 0.354166666015625 0.4125 0.351666666015625 0.40625 0.344166666015625 0.3984375 0.345 0.390104166015625 0.354166666015625 0.386979166015625 0.363333333984375 0.384375 0.36 0.38125 0.36 0.375520833984375 0.37 0.375 0.389166666015625 0.377083333984375 0.391666666015625 0.406770833984375 0.391666666015625 0.4109375 0.389166666015625
0 0.465625 0.159166666015625 0.4734375 0.144166666015625 0.4734375 0.141666666015625 0.468229166015625 0.14 0.459895833984375 0.131666666015625 0.4515625 0.135 0.444270833984375 0.1425 0.4421875 0.1475 0.4421875 0.156666666015625 0.445833333984375 0.16 0.465625 0.159166666015625
0 0.713020833984375 0.646666666015625 0.719791666015625 0.634166666015625 0.7421875 0.6225 0.750520833984375 0.6125 0.756770833984375 0.6175 0.7640625 0.6175 0.772395833984375 0.611666666015625 0.7734375 0.6075 0.76875 0.5975 0.765104166015625 0.596666666015625 0.759895833984375 0.59 0.7546875 0.5875 0.741145833984375 0.5875 0.735416666015625 0.579166666015625 0.730208333984375 0.579166666015625 0.7265625 0.584166666015625 0.71875 0.584166666015625 0.7078125 0.591666666015625 0.694270833984375 0.606666666015625 0.677604166015625 0.604166666015625 0.672916666015625 0.615 0.6734375 0.626666666015625 0.6796875 0.634166666015625 0.705208333984375 0.646666666015625 0.713020833984375 0.646666666015625
0 0.6609375 0.4025 0.661979166015625 0.4 0.659895833984375 0.385 0.657291666015625 0.381666666015625 0.649479166015625 0.379166666015625 0.64375 0.37 0.638020833984375 0.37 0.636458333984375 0.3725 0.620833333984375 0.37 0.619270833984375 0.3725 0.61875 0.384166666015625 0.628125 0.39 0.635416666015625 0.4025 0.6609375 0.4025
0 0.7046875 0.3025 0.705208333984375 0.3 0.7046875 0.29 0.698958333984375 0.284166666015625 0.683333333984375 0.285 0.678645833984375 0.29 0.677604166015625 0.2975 0.683333333984375 0.305 0.699479166015625 0.305 0.7046875 0.3025
0 0.33125 0.5625 0.331770833984375 0.603333333984375 0.333333333984375 0.61 0.3375 0.615 0.3375 0.62 0.339583333984375 0.624166666015625 0.366666666015625 0.626666666015625 0.3734375 0.6225 0.379166666015625 0.6125 0.389583333984375 0.6125 0.394791666015625 0.6025 0.397395833984375 0.6025 0.4 0.5975 0.397395833984375 0.584166666015625 0.388020833984375 0.594166666015625 0.3828125 0.596666666015625 0.380729166015625 0.585 0.377604166015625 0.58 0.370833333984375 0.576666666015625 0.363541666015625 0.565 0.3625 0.5575 0.352083333984375 0.5525 0.345833333984375 0.545833333984375 0.344791666015625 0.541666666015625 0.342708333984375 0.5425 0.340625 0.55 0.3375 0.5525 0.3375 0.5575 0.33125 0.5625
0 0.725520833984375 0.560833333984375 0.7265625 0.569166666015625 0.767708333984375 0.570833333984375 0.76875 0.554166666015625 0.766666666015625 0.546666666015625 0.763541666015625 0.543333333984375 0.766666666015625 0.539166666015625 0.766666666015625 0.535 0.761979166015625 0.516666666015625 0.733854166015625 0.52 0.730729166015625 0.514166666015625 0.726041666015625 0.514166666015625 0.723958333984375 0.520833333984375 0.723958333984375 0.533333333984375 0.727083333984375 0.5425 0.725520833984375 0.560833333984375
0 0.390104166015625 0.461666666015625 0.3921875 0.455 0.392708333984375 0.443333333984375 0.396354166015625 0.4325 0.39375 0.413333333984375 0.401041666015625 0.411666666015625 0.400520833984375 0.398333333984375 0.397916666015625 0.395 0.383854166015625 0.394166666015625 0.370833333984375 0.395 0.367708333984375 0.3975 0.365104166015625 0.404166666015625 0.366145833984375 0.41 0.3625 0.416666666015625 0.361979166015625 0.426666666015625 0.3546875 0.435 0.351041666015625 0.445 0.351041666015625 0.46 0.354166666015625 0.464166666015625 0.3734375 0.466666666015625 0.390104166015625 0.461666666015625
0 0.541666666015625 0.69 0.54375 0.699166666015625 0.546875 0.701666666015625 0.563020833984375 0.699166666015625 0.56875 0.694166666015625 0.616145833984375 0.694166666015625 0.628645833984375 0.6875 0.633333333984375 0.691666666015625 0.636979166015625 0.699166666015625 0.645833333984375 0.7 0.654166666015625 0.696666666015625 0.6671875 0.696666666015625 0.6703125 0.686666666015625 0.667708333984375 0.675833333984375 0.6625 0.671666666015625 0.6609375 0.6675 0.6484375 0.655 0.642708333984375 0.654166666015625 0.6359375 0.646666666015625 0.6296875 0.6475 0.6234375 0.655 0.616666666015625 0.654166666015625 0.6109375 0.649166666015625 0.597395833984375 0.65 0.591666666015625 0.646666666015625 0.55625 0.655 0.548958333984375 0.645 0.532291666015625 0.644166666015625 0.53125 0.646666666015625 0.53125 0.674166666015625 0.536979166015625 0.68 0.5375 0.685 0.541666666015625 0.69
0 0.2921875 0.559166666015625 0.3 0.5575 0.3046875 0.5525 0.303645833984375 0.529166666015625 0.2984375 0.5225 0.2890625 0.519166666015625 0.2828125 0.5125 0.274479166015625 0.5225 0.263541666015625 0.526666666015625 0.260416666015625 0.54 0.259375 0.553333333984375 0.260416666015625 0.556666666015625 0.265104166015625 0.559166666015625 0.2921875 0.559166666015625
0 0.377083333984375 0.334166666015625 0.3828125 0.341666666015625 0.386979166015625 0.3425 0.388020833984375 0.3325 0.395833333984375 0.331666666015625 0.398958333984375 0.3275 0.39375 0.31 0.386979166015625 0.3 0.371875 0.3 0.366145833984375 0.3025 0.363541666015625 0.306666666015625 0.3625 0.31 0.366666666015625 0.316666666015625 0.3734375 0.321666666015625 0.377083333984375 0.334166666015625
0 0.376041666015625 0.3625 0.378645833984375 0.351666666015625 0.3875 0.3425 0.389583333984375 0.3325 0.397395833984375 0.329166666015625 0.3984375 0.325 0.389583333984375 0.3025 0.366145833984375 0.3025 0.3625 0.309166666015625 0.3625 0.3175 0.359375 0.3225 0.352083333984375 0.3275 0.3453125 0.344166666015625 0.344791666015625 0.354166666015625 0.349479166015625 0.365 0.372395833984375 0.365 0.376041666015625 0.3625
0 0.411458333984375 0.3875 0.4140625 0.3825 0.4140625 0.373333333984375 0.421875 0.365 0.422395833984375 0.356666666015625 0.4296875 0.354166666015625 0.430729166015625 0.35 0.4265625 0.336666666015625 0.422395833984375 0.330833333984375 0.4234375 0.3225 0.40625 0.321666666015625 0.403645833984375 0.33 0.395833333984375 0.3375 0.394791666015625 0.346666666015625 0.389583333984375 0.36 0.386458333984375 0.364166666015625 0.38125 0.3625 0.375520833984375 0.370833333984375 0.376041666015625 0.39 0.386979166015625 0.3925 0.404166666015625 0.391666666015625 0.411458333984375 0.3875
0 0.6921875 0.476666666015625 0.725520833984375 0.476666666015625 0.7265625 0.4725 0.724479166015625 0.4575 0.711458333984375 0.451666666015625 0.697395833984375 0.435 0.681770833984375 0.441666666015625 0.676041666015625 0.4375 0.668229166015625 0.4375 0.668229166015625 0.451666666015625 0.6703125 0.455 0.6796875 0.4575 0.6921875 0.476666666015625
0 0.396484375 0.3271484375 0.001953125 0.0009765625
0 0.404166666015625 0.291666666015625 0.430208333984375 0.291666666015625 0.434375 0.285 0.435416666015625 0.275 0.441666666015625 0.2575 0.436458333984375 0.243333333984375 0.431770833984375 0.241666666015625 0.4140625 0.2425 0.408333333984375 0.251666666015625 0.405729166015625 0.274166666015625 0.4015625 0.280833333984375 0.4015625 0.289166666015625 0.404166666015625 0.291666666015625
0 0.503125 0.154166666015625 0.50625 0.146666666015625 0.508333333984375 0.1225 0.50625 0.119166666015625 0.497395833984375 0.12 0.493229166015625 0.129166666015625 0.488020833984375 0.131666666015625 0.480208333984375 0.1425 0.480729166015625 0.154166666015625 0.484375 0.156666666015625 0.4984375 0.156666666015625 0.503125 0.154166666015625
0 0.330729166015625 0.561666666015625 0.336458333984375 0.556666666015625 0.3390625 0.55 0.341145833984375 0.55 0.341666666015625 0.54 0.3453125 0.541666666015625 0.349479166015625 0.55 0.3546875 0.5525 0.3625 0.5525 0.363541666015625 0.55 0.361979166015625 0.53 0.359895833984375 0.526666666015625 0.355729166015625 0.526666666015625 0.349479166015625 0.514166666015625 0.3265625 0.5175 0.324479166015625 0.521666666015625 0.323958333984375 0.531666666015625 0.31875 0.540833333984375 0.31875 0.553333333984375 0.3203125 0.560833333984375 0.322395833984375 0.5625 0.330729166015625 0.561666666015625