0 0.453125 0.324166666015625 0.45 0.3275 0.4484375 0.338333333984375 0.444270833984375 0.349166666015625 0.436458333984375 0.354166666015625 0.432291666015625 0.354166666015625 0.425520833984375 0.36 0.4234375 0.375 0.423958333984375 0.386666666015625 0.425520833984375 0.389166666015625 0.431770833984375 0.39 0.4609375 0.386666666015625 0.46875 0.394166666015625 0.475 0.394166666015625 0.479166666015625 0.38 0.484895833984375 0.371666666015625 0.488020833984375 0.36 0.495833333984375 0.36 0.499479166015625 0.356666666015625 0.502083333984375 0.346666666015625 0.502083333984375 0.3375 0.498958333984375 0.33 0.488541666015625 0.33 0.486979166015625 0.334166666015625 0.482291666015625 0.335 0.4734375 0.33 0.463541666015625 0.329166666015625 0.4609375 0.325 0.453125 0.324166666015625
0 0.664583333984375 0.646666666015625 0.6421875 0.634166666015625 0.621354166015625 0.629166666015625 0.61875 0.625 0.615104166015625 0.625 0.608854166015625 0.634166666015625 0.5859375 0.631666666015625 0.573958333984375 0.644166666015625 0.564583333984375 0.645 0.5546875 0.626666666015625 0.547916666015625 0.625 0.541145833984375 0.629166666015625 0.5375 0.635 0.533854166015625 0.6475 0.53125 0.646666666015625 0.530208333984375 0.634166666015625 0.526041666015625 0.6325 0.521354166015625 0.635 0.513541666015625 0.646666666015625 0.511979166015625 0.655833333984375 0.4953125 0.674166666015625 0.493229166015625 0.6825 0.4953125 0.69 0.502604166015625 0.701666666015625 0.506770833984375 0.7025 0.51875 0.7025 0.523958333984375 0.7 0.534375 0.706666666015625 0.5484375 0.706666666015625 0.555208333984375 0.694166666015625 0.5578125 0.6775 0.5625 0.683333333984375 0.5625 0.689166666015625 0.564583333984375 0.694166666015625 0.5703125 0.699166666015625 0.6140625 0.704166666015625 0.649479166015625 0.704166666015625 0.661979166015625 0.7075 0.6703125 0.714166666015625 0.688020833984375 0.714166666015625 0.69375 0.704166666015625 0.694270833984375 0.7 0.699479166015625 0.693333333984375 0.701041666015625 0.681666666015625 0.706770833984375 0.679166666015625 0.7109375 0.671666666015625 0.706770833984375 0.661666666015625 0.707291666015625 0.635 0.705208333984375 0.629166666015625 0.702604166015625 0.6275 0.696354166015625 0.631666666015625 0.678645833984375 0.629166666015625 0.674479166015625 0.6325 0.666666666015625 0.646666666015625 0.664583333984375 0.646666666015625
0 0.519270833984375 0.236666666015625 0.521354166015625 0.239166666015625 0.560416666015625 0.241666666015625 0.564583333984375 0.2225 0.566666666015625 0.219166666015625 0.575 0.2175 0.577083333984375 0.209166666015625 0.576041666015625 0.2 0.572916666015625 0.194166666015625 0.560416666015625 0.1975 0.550520833984375 0.191666666015625 0.538020833984375 0.1925 0.53125 0.206666666015625 0.519791666015625 0.2175 0.519270833984375 0.236666666015625
0 0.891145833984375 0.664166666015625 0.8875 0.6675 0.880729166015625 0.6825 0.877083333984375 0.684166666015625 0.863020833984375 0.685 0.859895833984375 0.68 0.855729166015625 0.689166666015625 0.847916666015625 0.694166666015625 0.8234375 0.6975 0.815104166015625 0.695 0.809895833984375 0.7125 0.803645833984375 0.719166666015625 0.7921875 0.725 0.786979166015625 0.724166666015625 0.778645833984375 0.705 0.76875 0.701666666015625 0.7625 0.705 0.757291666015625 0.7125 0.755729166015625 0.7175 0.755729166015625 0.739166666015625 0.75 0.736666666015625 0.747916666015625 0.7225 0.745833333984375 0.72 0.736458333984375 0.729166666015625 0.73125 0.74 0.73125 0.7675 0.734895833984375 0.779166666015625 0.738541666015625 0.784166666015625 0.752083333984375 0.79 0.763541666015625 0.8 0.7765625 0.801666666015625 0.788020833984375 0.795 0.8015625 0.7975 0.8109375 0.795 0.8171875 0.785 0.820833333984375 0.77 0.827604166015625 0.774166666015625 0.8546875 0.774166666015625 0.882291666015625 0.761666666015625 0.902083333984375 0.756666666015625 0.9125 0.75 0.922916666015625 0.751666666015625 0.932291666015625 0.756666666015625 0.943229166015625 0.754166666015625 0.950520833984375 0.744166666015625 0.952083333984375 0.7375 0.95 0.715 0.9546875 0.695833333984375 0.9546875 0.6875 0.949479166015625 0.676666666015625 0.928645833984375 0.655 0.921354166015625 0.651666666015625 0.916666666015625 0.66 0.911979166015625 0.66 0.90625 0.665 0.8984375 0.6625 0.891145833984375 0.664166666015625
0 0.8796875 0.5475 0.878645833984375 0.556666666015625 0.874479166015625 0.560833333984375 0.872395833984375 0.566666666015625 0.846875 0.5775 0.840104166015625 0.584166666015625 0.838020833984375 0.595 0.8390625 0.605 0.834895833984375 0.61 0.820833333984375 0.615 0.8125 0.6025 0.8078125 0.6 0.800520833984375 0.601666666015625 0.794270833984375 0.61 0.789583333984375 0.6225 0.783333333984375 0.625 0.775520833984375 0.646666666015625 0.775 0.654166666015625 0.78125 0.665 0.790104166015625 0.674166666015625 0.796354166015625 0.6775 0.804166666015625 0.6775 0.8125 0.6825 0.818229166015625 0.6825 0.831770833984375 0.689166666015625 0.8359375 0.689166666015625 0.845833333984375 0.6775 0.860416666015625 0.675 0.866666666015625 0.6625 0.8703125 0.65 0.8875 0.644166666015625 0.896875 0.634166666015625 0.911979166015625 0.624166666015625 0.925 0.609166666015625 0.941145833984375 0.61 0.9453125 0.606666666015625 0.9515625 0.596666666015625 0.954166666015625 0.586666666015625 0.952083333984375 0.5725 0.945833333984375 0.5625 0.948958333984375 0.54 0.944270833984375 0.535 0.91875 0.521666666015625 0.908333333984375 0.521666666015625 0.898958333984375 0.5375 0.890625 0.535 0.883333333984375 0.539166666015625 0.8796875 0.5475
0 0.300520833984375 0.4075 0.297916666015625 0.415 0.295833333984375 0.431666666015625 0.2890625 0.439166666015625 0.291666666015625 0.445 0.2890625 0.449166666015625 0.2828125 0.451666666015625 0.28125 0.456666666015625 0.28125 0.486666666015625 0.2875 0.489166666015625 0.3203125 0.481666666015625 0.327604166015625 0.4875 0.341666666015625 0.486666666015625 0.34375 0.479166666015625 0.34375 0.444166666015625 0.344791666015625 0.441666666015625 0.355729166015625 0.440833333984375 0.3578125 0.429166666015625 0.357291666015625 0.4125 0.355208333984375 0.409166666015625 0.3484375 0.4075 0.3390625 0.416666666015625 0.328125 0.411666666015625 0.313020833984375 0.411666666015625 0.308854166015625 0.406666666015625 0.300520833984375 0.4075
0 0.3703125 0.441666666015625 0.3671875 0.45 0.365625 0.465 0.368229166015625 0.469166666015625 0.368229166015625 0.481666666015625 0.35625 0.494166666015625 0.35625 0.526666666015625 0.3578125 0.529166666015625 0.364583333984375 0.529166666015625 0.367708333984375 0.526666666015625 0.397916666015625 0.525 0.403125 0.529166666015625 0.41875 0.529166666015625 0.4203125 0.500833333984375 0.416666666015625 0.485 0.41875 0.48 0.424479166015625 0.479166666015625 0.4296875 0.469166666015625 0.4296875 0.449166666015625 0.422395833984375 0.4425 0.41875 0.4425 0.4125 0.45 0.406770833984375 0.45 0.3859375 0.446666666015625 0.379166666015625 0.44 0.3703125 0.441666666015625
0 0.4375 0.1025 0.458333333984375 0.099166666015625 0.461458333984375 0.096666666015625 0.461979166015625 0.083333333984375 0.4609375 0.075833333984375 0.4578125 0.074166666015625 0.4453125 0.0725 0.435416666015625 0.075 0.433333333984375 0.0775 0.433854166015625 0.1 0.4375 0.1025
0 0.5546875 0.131666666015625 0.543229166015625 0.131666666015625 0.538541666015625 0.129166666015625 0.535416666015625 0.135 0.535416666015625 0.146666666015625 0.541666666015625 0.15 0.55 0.1675 0.583333333984375 0.166666666015625 0.5859375 0.165 0.586458333984375 0.161666666015625 0.5859375 0.15 0.583854166015625 0.149166666015625 0.58125 0.14 0.575 0.1375 0.572916666015625 0.1325 0.564583333984375 0.126666666015625 0.558333333984375 0.1275 0.5546875 0.131666666015625
0 0.422916666015625 0.5975 0.4171875 0.595 0.4125 0.5875 0.402604166015625 0.589166666015625 0.394791666015625 0.586666666015625 0.393229166015625 0.584166666015625 0.392708333984375 0.574166666015625 0.390625 0.5725 0.374479166015625 0.574166666015625 0.36875 0.586666666015625 0.3421875 0.589166666015625 0.335416666015625 0.5975 0.324479166015625 0.6 0.319270833984375 0.609166666015625 0.3203125 0.6225 0.330208333984375 0.6275 0.336458333984375 0.634166666015625 0.35 0.634166666015625 0.355729166015625 0.626666666015625 0.361458333984375 0.6275 0.375520833984375 0.65 0.3796875 0.65 0.3828125 0.654166666015625 0.389583333984375 0.656666666015625 0.398958333984375 0.656666666015625 0.40625 0.6625 0.409895833984375 0.6625 0.416145833984375 0.669166666015625 0.4203125 0.685 0.4265625 0.69 0.439583333984375 0.689166666015625 0.446354166015625 0.681666666015625 0.455729166015625 0.68 0.480208333984375 0.666666666015625 0.485416666015625 0.659166666015625 0.4875 0.651666666015625 0.485416666015625 0.629166666015625 0.4828125 0.625 0.474479166015625 0.624166666015625 0.459375 0.625 0.450520833984375 0.629166666015625 0.44375 0.625 0.4328125 0.6075 0.422916666015625 0.5975
0 0.463541666015625 0.259166666015625 0.4546875 0.274166666015625 0.4484375 0.28 0.43125 0.28 0.4265625 0.285 0.425 0.2925 0.425 0.31 0.426041666015625 0.314166666015625 0.457291666015625 0.314166666015625 0.468229166015625 0.316666666015625 0.476041666015625 0.305 0.4859375 0.3 0.491145833984375 0.289166666015625 0.499479166015625 0.291666666015625 0.506770833984375 0.286666666015625 0.5109375 0.279166666015625 0.510416666015625 0.2725 0.5 0.261666666015625 0.4953125 0.261666666015625 0.492708333984375 0.266666666015625 0.489583333984375 0.2675 0.477083333984375 0.2675 0.468229166015625 0.26 0.463541666015625 0.259166666015625