0 0.866145833984375 0.434166666015625 0.86875 0.43 0.868229166015625 0.409166666015625 0.866145833984375 0.400833333984375 0.8421875 0.396666666015625 0.831770833984375 0.384166666015625 0.83125 0.379166666015625 0.828125 0.376666666015625 0.825520833984375 0.3775 0.820833333984375 0.386666666015625 0.805729166015625 0.3875 0.804166666015625 0.389166666015625 0.803645833984375 0.3975 0.792708333984375 0.4 0.788541666015625 0.405 0.7875 0.41 0.7875 0.4325 0.793229166015625 0.4375 0.8515625 0.4375 0.866145833984375 0.434166666015625
0 0.656770833984375 0.58 0.6578125 0.595 0.6625 0.603333333984375 0.663541666015625 0.620833333984375 0.667708333984375 0.629166666015625 0.668229166015625 0.634166666015625 0.675 0.639166666015625 0.699479166015625 0.64 0.70625 0.631666666015625 0.713020833984375 0.615 0.717708333984375 0.6125 0.7203125 0.615 0.7171875 0.635833333984375 0.71875 0.644166666015625 0.734375 0.654166666015625 0.74375 0.6875 0.747916666015625 0.691666666015625 0.790625 0.694166666015625 0.801041666015625 0.6875 0.818229166015625 0.683333333984375 0.81875 0.685 0.819791666015625 0.68 0.822395833984375 0.6775 0.829166666015625 0.6775 0.83125 0.675 0.8421875 0.676666666015625 0.850520833984375 0.67 0.86875 0.6675 0.8796875 0.66 0.8828125 0.651666666015625 0.911458333984375 0.65 0.925 0.651666666015625 0.9265625 0.656666666015625 0.927083333984375 0.675833333984375 0.9328125 0.681666666015625 0.9421875 0.681666666015625 0.9453125 0.671666666015625 0.950520833984375 0.684166666015625 0.956770833984375 0.691666666015625 0.96875 0.694166666015625 0.994270833984375 0.694166666015625 0.999479166015625 0.691666666015625 0.999479166015625 0.664166666015625 0.996354166015625 0.659166666015625 0.994791666015625 0.646666666015625 0.995833333984375 0.6225 0.999479166015625 0.62 0.999479166015625 0.5425 0.980208333984375 0.536666666015625 0.980729166015625 0.528333333984375 0.983333333984375 0.521666666015625 0.975 0.511666666015625 0.978645833984375 0.495 0.978645833984375 0.491666666015625 0.975520833984375 0.4875 0.8921875 0.4875 0.888541666015625 0.4825 0.881770833984375 0.481666666015625 0.8765625 0.4875 0.8546875 0.489166666015625 0.85 0.484166666015625 0.842708333984375 0.469166666015625 0.838541666015625 0.468333333984375 0.8421875 0.445 0.840104166015625 0.4475 0.838368228515625 0.444166666015625 0.825520833984375 0.441666666015625 0.822395833984375 0.444166666015625 0.808854166015625 0.445 0.811458333984375 0.45 0.822395833984375 0.451666666015625 0.8265625 0.455833333984375 0.827083333984375 0.461666666015625 0.8234375 0.461666666015625 0.822395833984375 0.465 0.817708333984375 0.4675 0.813541666015625 0.4675 0.811979166015625 0.469166666015625 0.8125 0.473333333984375 0.807291666015625 0.481666666015625 0.794270833984375 0.4825 0.777604166015625 0.49 0.774479166015625 0.495833333984375 0.774479166015625 0.5175 0.763541666015625 0.524166666015625 0.756770833984375 0.531666666015625 0.744270833984375 0.529166666015625 0.743229166015625 0.525 0.7453125 0.519166666015625 0.744791666015625 0.511666666015625 0.7390625 0.509166666015625 0.725520833984375 0.511666666015625 0.7265625 0.52 0.733333333984375 0.521666666015625 0.735416666015625 0.525833333984375 0.734375 0.529166666015625 0.721875 0.54 0.714583333984375 0.54 0.713020833984375 0.5375 0.7109375 0.516666666015625 0.70625 0.509166666015625 0.671875 0.511666666015625 0.667708333984375 0.515833333984375 0.664583333984375 0.526666666015625 0.660416666015625 0.5625 0.656770833984375 0.5675 0.6546875 0.575833333984375 0.656770833984375 0.58
0 0.074479166015625 0.64 0.07890625 0.639166666015625 0.079166666015625 0.636666666015625 0.0828125 0.64 0.088020833984375 0.639166666015625 0.085416666015625 0.626666666015625 0.080729166015625 0.626666666015625 0.080729166015625 0.634166666015625 0.075 0.635 0.0703125 0.629166666015625 0.0703125 0.639166666015625 0.071354166015625 0.631666666015625 0.075520833984375 0.636666666015625 0.074479166015625 0.64
0 0.080729166015625 0.6125 0.079166666015625 0.615 0.08125 0.621666666015625 0.083333333984375 0.615 0.080729166015625 0.6125
0 0.072916666015625 0.585 0.069791666015625 0.585 0.06875 0.5875 0.0703125 0.591666666015625 0.0734375 0.589166666015625 0.072916666015625 0.585
0 0.0765625 0.591666666015625 0.083333333984375 0.591666666015625 0.085416666015625 0.589166666015625 0.086458333984375 0.581666666015625 0.0828125 0.574166666015625 0.084375 0.566666666015625 0.082291666015625 0.564166666015625 0.075520833984375 0.566666666015625 0.074479166015625 0.570833333984375 0.077083333984375 0.579166666015625 0.075 0.589166666015625 0.0765625 0.591666666015625
0 0.0828125 0.551666666015625 0.0828125 0.555 0.084895833984375 0.556666666015625 0.084895833984375 0.55 0.0828125 0.551666666015625
0 0.089583333984375 0.58 0.093229166015625 0.581666666015625 0.089583333984375 0.585833333984375 0.089583333984375 0.591666666015625 0.092708333984375 0.591666666015625 0.094791666015625 0.579166666015625 0.1015625 0.576666666015625 0.099479166015625 0.5875 0.109895833984375 0.595 0.1078125 0.598333333984375 0.111979166015625 0.6025 0.111979166015625 0.61 0.1171875 0.6075 0.11875 0.61 0.126041666015625 0.605 0.1375 0.609166666015625 0.1375 0.625 0.1328125 0.626666666015625 0.132291666015625 0.633333333984375 0.139583333984375 0.646666666015625 0.173958333984375 0.645 0.1796875 0.651666666015625 0.1796875 0.654166666015625 0.174479166015625 0.6575 0.175 0.659166666015625 0.185416666015625 0.66 0.193229166015625 0.664166666015625 0.19375 0.668333333984375 0.198958333984375 0.675 0.2 0.6825 0.202604166015625 0.685 0.207291666015625 0.699166666015625 0.216666666015625 0.7125 0.221354166015625 0.715 0.24375 0.715 0.266145833984375 0.709166666015625 0.270833333984375 0.695 0.277604166015625 0.690833333984375 0.2796875 0.685 0.2953125 0.6825 0.310416666015625 0.6725 0.311979166015625 0.675 0.314583333984375 0.671666666015625 0.315104166015625 0.675 0.3171875 0.67 0.31875 0.675 0.334895833984375 0.675 0.3390625 0.6675 0.3453125 0.6625 0.375520833984375 0.67 0.386979166015625 0.6825 0.404166666015625 0.6875 0.407291666015625 0.691666666015625 0.418229166015625 0.696666666015625 0.44375 0.696666666015625 0.453645833984375 0.694166666015625 0.466145833984375 0.684166666015625 0.4734375 0.669166666015625 0.478125 0.6325 0.478125 0.616666666015625 0.4734375 0.579166666015625 0.466666666015625 0.56 0.459895833984375 0.550833333984375 0.453645833984375 0.546666666015625 0.452604166015625 0.543333333984375 0.4546875 0.536666666015625 0.455208333984375 0.5225 0.44375 0.519166666015625 0.441145833984375 0.515 0.443229166015625 0.5075 0.442708333984375 0.495 0.438020833984375 0.4925 0.406770833984375 0.495 0.3609375 0.495 0.359375 0.4925 0.353125 0.4925 0.3453125 0.4975 0.294791666015625 0.501666666015625 0.293229166015625 0.4975 0.278645833984375 0.481666666015625 0.2546875 0.474166666015625 0.254166666015625 0.465833333984375 0.260416666015625 0.4625 0.261979166015625 0.46 0.260416666015625 0.4575 0.239583333984375 0.4575 0.236458333984375 0.459166666015625 0.236979166015625 0.461666666015625 0.234895833984375 0.464166666015625 0.233333333984375 0.46 0.23125 0.486666666015625 0.225 0.49 0.225520833984375 0.494166666015625 0.222916666015625 0.496666666015625 0.192708333984375 0.4975 0.1828125 0.504166666015625 0.181770833984375 0.515 0.1890625 0.529166666015625 0.188541666015625 0.534166666015625 0.185416666015625 0.536666666015625 0.158333333984375 0.539166666015625 0.145833333984375 0.535 0.13125 0.54 0.130729166015625 0.55 0.1203125 0.5575 0.0984375 0.5625 0.092708333984375 0.566666666015625 0.089583333984375 0.566666666015625 0.0875 0.5625 0.0859375 0.565 0.086979166015625 0.571666666015625 0.091666666015625 0.571666666015625 0.09375 0.576666666015625 0.089583333984375 0.58
0 0.546875 0.5375 0.5578125 0.526666666015625 0.5703125 0.521666666015625 0.584375 0.5225 0.588541666015625 0.526666666015625 0.608333333984375 0.535 0.630729166015625 0.5325 0.64375 0.536666666015625 0.655729166015625 0.536666666015625 0.660416666015625 0.535 0.6625 0.529166666015625 0.6625 0.484166666015625 0.660416666015625 0.455 0.657291666015625 0.45 0.648958333984375 0.4525 0.638020833984375 0.451666666015625 0.632291666015625 0.444166666015625 0.632291666015625 0.431666666015625 0.6296875 0.425 0.61875 0.4225 0.613541666015625 0.416666666015625 0.613020833984375 0.4025 0.602083333984375 0.4025 0.6015625 0.4075 0.603645833984375 0.41 0.602083333984375 0.414166666015625 0.6046875 0.4175 0.593229166015625 0.425 0.543229166015625 0.4275 0.541145833984375 0.433333333984375 0.541145833984375 0.445 0.5390625 0.45 0.534895833984375 0.455 0.53125 0.455 0.520833333984375 0.4625 0.5171875 0.473333333984375 0.517708333984375 0.521666666015625 0.519791666015625 0.5325 0.525 0.5375 0.546875 0.5375
0 0.691666666015625 0.504166666015625 0.6953125 0.494166666015625 0.6953125 0.4825 0.688020833984375 0.49 0.691666666015625 0.494166666015625 0.690625 0.495833333984375 0.6875 0.4975 0.677604166015625 0.491666666015625 0.677083333984375 0.495 0.6703125 0.5025 0.669791666015625 0.504166666015625 0.672916666015625 0.5075 0.683333333984375 0.5075 0.691666666015625 0.504166666015625
0 0.681770833984375 0.484166666015625 0.68125 0.481666666015625 0.674479166015625 0.4825 0.6734375 0.4875 0.675 0.49 0.678645833984375 0.49 0.681770833984375 0.484166666015625
0 0.6734375 0.476666666015625 0.677083333984375 0.479166666015625 0.678125 0.476666666015625 0.68125 0.476666666015625 0.6796875 0.468333333984375 0.683333333984375 0.4625 0.675520833984375 0.46 0.66875 0.463333333984375 0.670833333984375 0.4675 0.676041666015625 0.469166666015625 0.6734375 0.476666666015625
0 0.668229166015625 0.455 0.670833333984375 0.4475 0.678645833984375 0.4475 0.683854166015625 0.4425 0.688020833984375 0.444166666015625 0.690625 0.451666666015625 0.689583333984375 0.466666666015625 0.694791666015625 0.476666666015625 0.741666666015625 0.476666666015625 0.74375 0.479166666015625 0.761979166015625 0.479166666015625 0.767708333984375 0.469166666015625 0.783854166015625 0.468333333984375 0.786979166015625 0.454166666015625 0.786458333984375 0.435 0.78125 0.416666666015625 0.774479166015625 0.414166666015625 0.763541666015625 0.419166666015625 0.7609375 0.414166666015625 0.744270833984375 0.4125 0.741145833984375 0.404166666015625 0.7375 0.4 0.6796875 0.401666666015625 0.6765625 0.404166666015625 0.676041666015625 0.413333333984375 0.6734375 0.419166666015625 0.6625 0.42 0.658333333984375 0.4275 0.6578125 0.436666666015625 0.659895833984375 0.445833333984375 0.666666666015625 0.454166666015625 0.668229166015625 0.455